,ZT00.WT,ZT03.WT,ZT06.WT,ZT09.WT,ZT12.WT,ZT15.WT,ZT18.WT,ZT21.WT,ZT24.WT,ZT27.WT,ZT30.WT,ZT33.WT,ZT36.WT,ZT39.WT,ZT42.WT,ZT45.WT
Csnk1d;Csnk1e,0,2180612,-0,1650436,-0,7136078,-0,6960829,-0,5393326,-0,1704378,0,2882937,0,2604284,0,2291456,-0,2639958,-0,701416,-0,7470866,-0,4810922,-0,2245343,0,1678148,0,4398525
Nr1d2,NA,-0,8628283,0,3880156,1,177164,1,213939,0,371945,-0,5321673,NA,-1,548042,-1,048864,0,4820692,1,141876,1,351774,0,4638675,-0,3321638,-1,433867
Cry2,0,04699559,-0,3598585,-1,3789,-1,255682,-0,9647313,-0,07587489,0,5157071,0,7415897,0,2376257,-0,5915836,-1,08882,-1,203702,-1,256105,-0,3891262,0,4084738,0,7109446
Cry1,0,1492486,-0,2814312,-1,201383,-1,796639,-1,746614,-0,7451082,-0,01449814,0,6364364,0,5597069,-0,2642361,-0,9695281,-1,423793,-1,940543,-0,7956839,0,2970411,0,7172636
Per1,0,3305922,-0,7116711,-1,398952,-1,580483,-0,8024827,0,4612235,1,109701,0,7266154,0,1978813,-0,7770304,-1,970449,-2,006837,-0,9468057,0,6434054,0,8134741,1,066911
Kiaa1737/CIPC,-1,22848,-0,8385081,0,3939747,0,8814543,1,019404,0,2748085,-0,4686355,-1,252537,-1,4829,-0,4312485,0,05184775,1,040586,1,112412,0,2117319,-0,4781953,-0,7107899
Dbp,-3,605139,-3,662775,-2,230142,0,2415603,0,9625194,-0,696973,-2,488823,-3,118493,-3,974896,-3,102944,-1,759965,0,2784261,0,8448465,-0,4308206,-2,369187,-3,415082
Clock,0,2537732,0,4051458,0,5410931,0,4234681,0,2042663,0,02028193,0,02044284,0,1770822,0,2002661,0,4223077,0,4562863,0,3849416,0,2717398,-0,03083044,0,02535321,0,1169736
Arntl,0,1399987,0,3174447,0,3530816,0,3558114,0,1415575,-0,07519039,-0,03280615,0,06191751,0,1537354,0,331663,0,4375256,0,3239854,0,2208159,-0,14496,-0,01035019,0,03824334
Ppara,-1,350554,-0,565987,-0,1147668,0,360101,0,4097764,-0,1184926,-0,4644591,-0,7138718,-0,8995624,-0,6089038,-0,2043911,0,2875891,0,2247724,0,04413676,-0,3959402,-0,5863084
Cyp2e1,0,08960503,-0,2379307,-0,3730635,-0,3632271,0,03646666,0,1700206,0,4700691,0,2857589,0,1579947,-0,0244615,-0,2907782,-0,3523065,0,06264055,0,06333376,0,4126542,0,2586495
Ddx5,-0,05575094,0,01684764,0,08759541,0,1126931,0,1521314,0,09656061,0,06208313,-0,005328146,-0,05602856,-0,05018827,0,086247,0,08558859,0,154522,0,1463716,0,02233174,-0,03717139
Kdm3a,0,1111341,0,5122667,0,7113698,0,8532926,0,6766876,0,394904,0,3000576,0,231244,0,2176921,0,3241118,0,7624363,0,7890127,0,6628941,0,4494342,0,4058911,0,1550038
Rexo4,0,04443425,-0,03913844,-0,193961,-0,3148704,-0,212258,0,05529143,0,06666908,0,1567719,0,05487181,0,03253625,-0,1628546,-0,1973622,-0,2603871,0,02838102,0,130555,0,1486407
Utp14b,-0,1997508,-0,1914362,-0,565987,-0,7788814,-1,20833,-1,141629,-0,6828429,-0,132511,-0,2403754,-0,2761988,-0,5123786,-0,7566817,-1,331763,-1,229711,-0,4618429,-0,4235244
Bccip,-0,09504669,-0,1182268,-0,3524196,-0,600365,-0,5297709,-0,3426685,0,005217574,0,1495846,-0,1327743,-0,002018352,-0,3440331,-0,549817,-0,6605636,-0,3001823,-0,1094274,0,06331875
Coro1a,-0,4164074,-0,0724488,-0,5862123,-0,4051211,-0,6983073,-1,490159,-1,630126,-1,304277,-0,809826,0,01033776,-0,1721035,-0,2265085,-0,7271799,-1,603074,-1,478402,-1,424976
Rbbp7,-0,002162436,0,07322625,0,09682286,0,1169423,0,1073836,0,02495682,-0,03506084,-0,05533457,-0,03477915,0,0,08963569,0,08496103,0,08078959,0,006144506,-0,08161233,-0,02573757
Shprh,-0,4325318,-0,103934,-0,06543438,0,1070728,0,005956171,-0,3930866,-0,5462648,-0,4746697,-0,4007565,-0,4209404,-0,0586628,0,09978814,-0,03322923,-0,2116352,-0,3922075,-0,6145685
Irf2bp2,-0,1059462,0,4251525,0,09272476,-0,0586628,-0,5737623,-0,5514914,-0,3417581,-0,04697992,0,02485411,0,2187158,0,1608466,-0,2429378,-0,5581696,-0,5230601,-0,325962,-0,1420866
Wrn,-0,5824597,0,14264,0,06327347,0,131898,-0,07423148,-0,6585543,-0,8811164,-0,4421208,-0,3992258,0,1209844,0,115488,0,1423533,-0,316725,-0,514602,-0,6288203,-0,5583656
Nudt16l1,-0,6559014,-0,2907782,-0,1027253,0,1548432,-0,06653696,-0,4818156,-0,7241264,-0,6499373,-0,6961719,-0,531369,-0,1548424,-0,153935,-0,254594,-0,3774015,-0,6061579,-1,035905
Terf1,-1,009777,-0,2514464,-0,212009,0,3607123,0,2672012,-0,2422062,-0,2701102,-0,9962441,-0,6591939,-0,4958998,0,04489555,NA,0,300324,0,1382351,-0,4054478,-0,9219695
Znf187,-0,1607912,0,08793271,0,1279829,0,3096991,0,4131152,0,1038754,0,07710188,-0,138028,-0,0692898,0,01829346,0,1591219,0,1802011,0,2984953,0,2094448,0,08940548,-0,09464151
Jmjd1c,-0,01891905,0,1029455,0,1811494,0,1696798,0,1183354,-0,1282935,-0,1255188,-0,095722,0,01349442,0,06836236,0,1556304,0,09092582,0,1186329,-0,03012422,-0,05032762,-0,06515872
Rad54l2,-0,4538599,-0,7534333,-0,460795,0,03988871,0,2511781,0,03218211,0,02876362,-0,3418719,-0,8432603,-0,6436715,-0,4643545,-0,2838032,0,01868802,0,1680579,-0,143524,-0,1772162
Nfil3,1,074851,1,72547,0,6265578,-0,6847289,-1,431516,-0,6357079,-0,1514692,0,6107196,1,169777,2,018527,0,8471546,-0,7459686,-1,229957,-0,4080597,0,6899624,0,7835886
Tef,-1,973501,-3,567667,-1,917546,0,4690303,1,060999,0,6262683,-0,5148039,-0,989793,-1,819137,-2,614027,-1,75262,0,3324802,0,9653335,0,2684344,-0,2406196,-0,6894781
Tinf2,-0,6379348,-0,1273692,-0,04222413,0,1514902,0,2790562,-0,1834547,-0,2200823,-0,3413026,-0,3634514,-0,2006298,0,04883003,0,08564982,0,1829007,0,09044956,-0,3109217,-0,4993739
Trim24,-0,5226584,-0,5866926,-0,444879,-0,3374256,-0,07997543,-0,1526378,-0,3226204,-0,3851549,-0,4971269,-0,5341612,-0,379621,-0,3159139,-0,2412301,-0,1487389,-0,2936059,-0,2606279
Hnf1b,0,4822304,0,4823514,0,5158721,0,4230813,0,03674785,-0,03083044,0,1039065,0,4087227,0,426354,0,5299474,0,5283443,0,1831955,-0,03139513,-0,03520166,0,2633518,0,2336847
Junb,-0,03139513,1,298282,1,108425,0,868674,0,8364755,0,03436718,0,03812484,-0,6178627,-0,06460693,0,9745175,0,874587,1,116473,0,881348,0,1179596,-0,4467856,-0,7430409
Per2,0,09126391,-0,3006508,NA,NA,-1,277687,0,5838521,1,34066,1,060608,0,4510702,-1,769645,NA,-2,018421,-1,248656,0,3875437,0,9998846,1,183671
Setx,-0,1930779,0,08545081,0,2375916,0,3600084,0,2889104,0,1332423,-0,06170706,-0,111432,-0,05172008,0,05098061,0,2804047,0,5118141,0,2938895,0,4561873,0,02233174,-0,1360601
Zfp385a,0,08260643,0,2579938,0,2158646,0,03171017,-0,1116991,-0,6260186,-0,3561438,-0,05810868,0,03809518,0,05466199,0,2600309,-0,06129241,-0,2591821,-0,3215818,-0,2589409,-0,1280294
Eif6,-0,1017845,-0,02261638,-0,3045111,-0,458172,-0,4375474,-0,1625968,-0,1237986,0,007173573,-0,09342498,-0,0439044,-0,2923105,-0,5023306,-0,5037557,-0,2487777,-0,140517,-0,07066408
Klf13,-0,6995516,-0,5840003,-0,6473606,0,1718884,0,6945781,NA,-0,08311115,-0,2742915,-0,5715312,-0,8871353,-0,5810137,NA,0,5027913,0,186541,0,04264994,-0,2778657
Ddx24,0,008319438,-0,06571014,-0,2690332,-0,229711,-0,1826923,0,2343464,0,1709623,0,1639467,0,1516986,-0,1636276,-0,2418402,-0,2866446,-0,1691554,0,2420209,0,2091112,0,04641443
Dnaja1,-0,1237986,-0,2669964,-0,5309697,-0,7800581,-0,6591939,-0,08596853,0,01934587,-0,09004036,-0,1571731,-0,3610946,-0,4872806,-0,7175613,-0,9079674,-0,2605076,-0,1458731,0,1629125
Stip1,0,008595191,-0,2068932,-0,5832303,-0,5748281,-0,7583031,-0,1851053,-0,05269407,-0,0416635,0,01810353,-0,1198209,-0,5865967,-0,4628899,-0,8414901,-0,3639,-0,2675957,0,06399719
Zfr,0,05211698,0,210229,0,1664055,0,1071039,-0,03026536,-0,02502885,-0,0542234,0,06496277,0,07521603,0,1123032,0,1308867,0,09978814,-0,02034214,-0,1000357,-0,02616273,0,07649324
Serpinb1a,-0,04488368,0,722396,0,1949387,0,1008554,0,1013196,-0,8928961,-1,065503,-0,5347588,-0,4935448,0,7550399,0,6482586,0,3089125,0,1528209,-1,341815,-1,237992,-0,5848663
Dnajb1,0,152468,-0,450063,-0,8605259,-0,8426973,-0,3137102,0,3481699,0,2820352,-0,007482617,0,2309392,-0,474462,-0,7688407,-0,7691793,-0,6342214,0,08343166,-0,0871912,0,3603603
Bhmt2,0,03636313,-0,5343605,-0,7357821,-1,17881,-1,000361,-0,4155423,-0,04194384,0,1119757,-0,263395,NA,-0,4924173,NA,-0,8819778,-0,3514022,0,2127013,0,06852873
Brd2,0,3637535,0,2311086,0,01678926,0,08309541,-0,06915226,0,3071622,0,3673595,0,3146428,0,3586945,0,2838256,0,09844375,0,03849519,-0,09356022,0,2329215,0,3646078,0,4267418
Polr1d,0,1820984,-0,05116329,-0,2767945,-0,112233,-0,392757,0,1291973,0,1265017,0,1713197,0,1124123,-0,07436837,-0,2395203,-0,3748447,-0,3562565,0,05012895,0,1433409,0,2200428
Srebf1,-0,01106615,-1,859373,-1,645241,-1,082703,-1,452859,-0,2299569,0,2292978,0,09160206,-0,6498454,-2,001658,-1,574295,-1,510152,-1,430821,0,1416211,0,4600521,-0,1152996
Aatf,0,2722276,0,2466008,0,05180283,-0,04963072,-0,2456174,-0,07792662,-0,1058121,0,04171413,0,1893348,0,2148596,0,2758562,-0,08338356,-0,1001703,-0,07970238,0,02639608,0,124849
Arhgdib,-0,479541,-0,024036,-0,5920624,-0,2791741,-0,5251669,-1,129283,-1,426426,-0,7707868,-0,7143994,-0,007769512,-0,1937087,-0,3985693,-0,7920224,-1,57022,-1,591344,-1,0615
Hspa8,-0,05102402,-0,03040665,-0,1809117,-0,2481705,-0,3127813,-0,1426094,-0,06722574,-0,0618453,-0,04781753,-0,001586012,-0,1070183,-0,1749178,-0,298189,-0,1810389,-0,09004036,0,02969115
Nr1d1,NA,0,05984074,1,762045,1,675673,1,071815,-0,3242345,-1,302758,-0,1715911,-0,5887087,-0,3686008,1,67489,1,837687,1,113785,-0,09139519,-1,215244,-2,685783
Gtpbp4,0,07748247,0,2041333,-0,2356045,-0,3408471,-0,4368015,0,1502409,0,1393629,0,2658648,0,2636809,0,1465153,-0,07915612,-0,4739428,-0,4063189,0,01011987,0,1693715,0,2169876
Nr3c2,-0,7064643,-0,4558598,-0,08420031,0,3353533,0,2487762,0,05506663,-0,1728715,-0,3630029,-0,6134373,-0,7505208,-0,5311693,0,5711073,0,9218547,0,4036563,-0,1255188,-0,3313613
Zmat2,-0,2938414,-0,1059462,0,07854846,0,05065184,0,1366007,NA,0,07652371,-0,1423481,-0,1619522,-0,2171066,0,05452714,0,1260609,0,2732211,0,1120225,0,1190559,-0,1614362
Mafb,-0,3979125,-2,212974,-1,333309,0,1536551,0,3548333,1,453478,-0,06515872,-0,06515872,-1,002955,-1,579711,-1,17268,0,3890354,0,4857817,1,06803,0,0319019,-0,6156046
Wdr36,0,3797702,0,6186502,0,4325714,0,3070194,0,05252081,-0,5664743,-0,597412,-0,005902907,0,2013936,0,518701,0,7114171,0,4118094,0,2529306,-0,403595,0,04794976,-0,3422133
Hlf,NA,NA,-2,870661,0,2415603,0,9821066,-0,5707543,NA,-3,110196,-3,974896,-3,102944,-2,940994,0,1731403,0,8502464,-0,403813,-1,998268,NA
Nr2c1,-0,5544415,-0,2351144,0,1439465,0,06801447,0,0169061,-0,1563967,-0,4809889,-0,5494227,-0,1593708,-0,2045164,0,04616119,-0,01478381,-0,08106696,-0,2945473,-0,3176514,-0,4154341
Adarb1,0,5451083,0,4241262,0,3577144,0,3999015,0,5052875,0,7114642,0,7087737,0,6137629,0,5033433,0,4803172,0,4946578,0,2943671,0,4766789,0,5508454,0,6818394,0,7065353
Med16,-0,08161233,0,09525,0,06609508,0,2242499,0,1646256,0,107881,0,131487,-0,008773791,-0,01292609,-0,000144286,0,07281658,0,1787306,0,1610402,0,1202315,0,0592845,-0,03463829
Rac2;Rac3,-0,7736588,-0,005184378,-0,4068631,-0,185486,-0,5973166,-1,296898,-1,447473,-1,123136,-1,142217,-0,08610431,-0,2413522,-0,3691593,-1,051859,-1,152378,-0,9692334,-1,194654
Spin1,0,357548,0,03974038,-0,173895,-0,2713062,-0,1953476,0,07308965,0,03568267,0,1651917,0,2268645,0,1262026,-0,03195977,-0,04054174,-0,1107641,0,009103239,0,2319385,0,2851083
Pwp2,0,4917539,0,6731406,0,3969542,0,3352077,0,06273099,-0,5265697,-0,4954906,0,03417512,0,1326886,0,5564782,0,6415587,0,3947332,0,2103459,-0,3307878,0,06238444,-0,3013536
Rbm42,0,0692097,0,1680417,0,03455926,0,01438299,-0,01806431,-0,0207689,0,03618562,0,07507924,0,1030539,0,12699,0,06864975,0,03680704,0,003206307,-0,04781753,-0,03731201,0,08330939
Tfeb,-0,2503552,0,6332553,0,4851556,0,08341635,0,05199724,-0,8188506,-0,59579,-0,9006446,0,3743741,0,2126678,0,7291242,0,08540483,0,1767561,-0,7809819,-0,560715,-0,7229032
Limd2,-0,313478,-0,111165,-0,6000794,-0,525668,-0,6246157,-1,343465,-1,285639,-1,313768,-0,4882064,-0,2917214,-0,4083858,-0,389016,-0,5814959,-1,379621,-1,309642,-1,270888
Bop1,-0,06433112,0,2433524,-0,0729976,-0,03745244,-0,2918393,-0,3945141,-0,3860384,0,02929356,0,03782856,0,3614535,0,01538875,-0,1934563,-0,3426685,-0,4966157,-0,2413522,-0,292075
Tat,0,8940002,-0,7718856,-0,920522,-0,04502354,-0,144699,1,626691,1,887313,1,464067,0,5232347,-0,04656085,-0,8608437,-0,5720165,0,4808204,1,466138,0,4177523,1,06673
Pcyt2,-0,3963788,-0,6636634,-0,8442249,-1,243791,-0,7930219,-0,3658045,-0,1937087,0,2455914,-0,3078948,-0,2729787,-0,5449799,-1,272561,-0,6977738,-0,7606894,-0,1080895,0,1028061
Dhx37,-0,09895846,0,1553251,0,1715959,0,1285032,-0,0247452,-0,1342209,-0,2486562,0,007391109,0,07119386,0,1663083,0,268417,0,1143319,0,001660071,-0,1650436,-0,04530324,-0,2281107
Capg,-0,3286067,0,6416038,-0,02644594,-0,4377604,-0,2679552,-1,727006,-1,421533,-1,026304,-0,8849495,-0,1791288,0,1794983,-0,095722,-0,6497534,NA,-1,391328,-1,126841
Wdr3,0,2572349,0,5870993,0,3237146,0,1982454,-0,01478381,-0,3876934,-0,5599323,0,03606721,0,2225824,0,4893215,0,5493456,0,3088947,0,2505086,-0,3416442,0,03882121,-0,2761988
Zmym4,-0,1662012,0,1198709,0,1126619,0,3228842,0,3097349,0,09178662,-0,1158324,0,01659953,0,06093899,0,08442556,0,2002329,0,2535669,0,2872721,0,07008787,0,03033928,-0,1202192
Luc7l2,0,07990488,-0,08827728,-0,1881477,-0,3045111,-0,2332746,0,2053471,0,2583044,0,1163323,0,008246876,-0,02133754,-0,217479,-0,4028313,-0,2073932,0,2238623,0,03731029,0,2435915
Ddi2,-0,1570437,0,1612821,0,2898097,0,2412193,-0,06046242,-0,2781037,-0,1552311,-0,1873877,-0,2192151,0,1134264,0,09676115,0,263144,-0,1708224,-0,1943392,-0,2076431,-0,3908878
Serpina1a;Serpina1c,0,6723126,-0,2791741,-0,3274574,-0,2910141,-0,2324152,0,3440621,0,1851953,0,4201633,0,4250169,0,1905361,-0,4378668,-0,7373406,-0,5121763,-0,1719754,0,2929701,0,3890921
Fam76a,-0,2890081,-0,3765127,-0,2638758,-0,2299569,0,04273913,-0,04068203,-0,09328973,-0,08759864,-0,3169567,-0,2742915,-0,3362834,-0,1767058,-0,06887715,0,1994376,-0,08120319,-0,01763692
Dync1h1,-0,1783641,-0,08120319,-0,5678375,-0,5034506,-0,514602,-0,4966157,-0,2739336,0,07283168,0,116129,-0,2835663,-0,4404207,-0,7038981,-0,4773665,-0,6968842,-0,1282935,-0,1004395
Ccdc124,0,4811427,-0,196733,-0,444667,-0,2479275,NA,NA,0,7733188,0,5158721,0,4813843,-0,4641455,-0,4198625,0,1287557,0,04239735,0,623154,0,541597,0,4478394
N4bp2l2,-0,215368,0,1319929,0,4627337,0,5230896,0,5613452,-0,3508367,-0,7067295,-0,2672362,-0,3507235,-0,03393393,0,5827065,0,3384692,0,6660267,0,09147911,-0,0871912,-0,3328511
Utp14a,0,1743935,0,1748656,0,1928594,0,2004816,0,1118666,-0,2839217,-0,6199294,-0,2699907,0,01142799,0,1693552,0,3092701,0,302155,0,290727,-0,1505597,-0,1887806,-0,4039221
Tbl3,0,1777675,0,5926364,0,4308395,0,2721231,-0,01777946,-0,716947,-0,4409522,0,04663788,0,1935687,0,4827949,0,5244585,0,3588794,0,2994537,-0,2865263,-0,009920342,-0,2736949
Bms1,0,1305392,0,1721484,0,1965415,0,02410569,0,1790899,-0,2626737,-0,4171639,-0,3994446,-0,01492663,0,1509936,0,3323713,0,191442,0,2769221,-0,2147466,-0,2210727,-0,3309025
Zfp871,-0,2973675,-0,1476974,0,1049146,0,4185812,0,3402398,0,1602016,0,04114987,-0,32112,-0,01834928,-0,08990479,0,102868,0,1800049,0,3065197,0,2045489,0,09838197,0,05607113
Ep400,-0,02814484,0,1046818,0,1412074,0,2307868,0,2623306,0,1016291,-0,03421579,-0,009203812,0,1349205,0,06975472,0,1837361,0,2120661,0,2065286,0,07340847,0,06787835,0,01366915
Rcl1,0,1187583,0,09504966,0,2205134,0,02180435,0,1299549,-0,2125071,-0,3033423,-0,2501126,0,02905805,0,139792,0,3563654,0,07752811,0,2193707,-0,2216915,-0,22231,-0,3295255
Rpl30,-0,1786191,-0,4272843,-0,4876921,-0,6048304,-0,497638,-0,1234014,0,003105132,0,05482678,-0,2091414,-0,4716558,-0,4191074,-0,6945682,-0,4515408,-0,2220626,-0,187261,-0,3295255
Stk40,0,2977149,0,5203348,0,4048592,0,01025064,-0,2371965,-0,05018827,-0,1664584,0,09324791,0,05914921,0,3566794,0,1244087,0,1279671,-0,3092926,-0,1444379,-0,07573799,0,04327423
Hbp1,-0,4848084,0,2851083,0,6744524,0,8921514,0,5829442,-0,4695734,-0,5810137,-0,2900705,-0,05241581,0,2468748,0,8698862,0,569886,0,9389842,-0,1560082,0,09035747,-0,2471984
Palld,-0,06515872,0,285372,-0,4902621,-0,217479,-0,8654438,-0,8723954,-0,4129441,0,03113514,0,05724157,-0,09193667,-0,5025343,-1,033229,-1,108892,-0,8989435,-0,8991756,-0,03252402
Rorc,-0,5731806,-0,8974728,-2,981761,-1,446415,-3,034621,-0,9943625,-0,4056657,-0,121148,-0,3450557,-1,722116,-2,174183,NA,-2,531344,-1,065297,-0,2343786,0,005666505
Rps27a;Ubc;Ubb;2810422J05Rik;Uba52;Gm7866,0,2270502,0,05584622,0,2931291,0,2262568,-0,000576887,-0,1945914,-0,185486,-0,1088924,-0,009347181,0,08329409,0,2239465,0,3317901,0,1268798,-0,07011455,-0,09098883,-0,1638852
Dnajb4,0,313011,-0,1540647,-0,6556266,-0,5417131,-0,1054098,0,2191524,0,2941371,0,03173962,0,2642526,-0,06639916,-0,440208,-0,4522791,-0,3562565,0,05098061,-0,06681251,0,380709
Nol11,0,3668944,0,7768494,0,383153,0,347252,0,190174,-0,2602666,-0,3950629,-0,08392822,0,08604791,0,5651609,0,7950831,0,3606938,0,4736307,-0,4269625,0,05184775,-0,3411888
Heatr1,0,2101289,0,7172636,0,4051839,0,3710865,0,1714009,-0,2874723,-0,315798,0,01049765,0,1530454,0,6006649,0,7547964,0,3679738,0,4967123,-0,3473255,0,10101,-0,3281471
Zfp395,-0,0207689,0,4654005,0,5428575,0,6460896,-0,1269729,-0,7067295,-0,3939653,-0,1660727,-0,1058121,0,8648066,0,7977892,0,4773014,0,6208671,-0,1087586,-0,5342609,0,05806737
Grb7,-0,3581712,0,2890162,0,3452162,-0,06170706,-0,3175356,-0,4160831,-0,4930324,-0,2719037,-0,0207689,0,05488672,0,08629292,-0,2713062,-0,4040311,-0,6948357,-0,3028747,-0,334797
Gm20425,0,4528266,-0,6266728,-0,6726516,-0,7315308,-0,966652,-0,2919571,0,001948933,0,6928513,0,2160825,-0,08433641,-0,7092023,-0,7444195,-0,9726926,-0,5479433,-0,4019581,-0,1751732
Wdr43,0,1847853,0,5600471,0,4084546,0,2342956,0,1959795,-0,3581712,-0,4197546,-0,1149001,0,04584834,0,5569238,0,7703136,0,3784006,0,5642861,-0,3082443,0,01697902,-0,3983503
Rps25,-0,1982427,-0,5181323,-0,5503097,-0,6743703,-0,468114,-0,2452522,-0,2013829,-0,07888308,-0,1900459,-0,5525737,-0,5109619,-0,6987519,-0,46634,-0,4389316,-0,3161457,-0,3687125
Erf,-0,2279875,-0,02304246,-0,5812066,0,5930498,0,352971,0,8163928,0,966517,0,2187158,-0,2861715,-0,3754009,-0,2521734,0,1876414,0,4471901,1,437369,0,4486858,-0,08038475
Sirt7,-0,1924466,0,04954653,-0,02616273,-0,0734089,-0,2352368,-0,3139424,-0,335369,-0,2159891,-0,08351974,0,03750277,0,1565146,-0,2169825,-0,1859933,-0,2878269,-0,1949696,-0,1282935
BC027231,0,3030803,0,2204125,0,198295,0,1787959,0,25367,0,4115024,0,3743741,0,2967753,0,2405373,0,2170883,0,2006308,0,2190181,0,4087802,0,4448513,0,3387247,0,3402033
Cirh1a,0,3763392,0,467334,0,3230827,0,1498567,0,1058148,-0,3220435,-0,4444551,-0,177599,0,05935967,0,3733459,0,6439012,0,269008,0,3987029,-0,3679302,-0,04068203,-0,3875831
Elf1,-0,02361021,0,1749634,0,1698907,0,1998352,0,1253683,-0,444985,-0,4415898,-0,3083608,-0,000288558,-0,1448295,0,3151095,0,09270936,0,01508259,-0,1706942,-0,203765,-0,2184712
Hdac5,0,06143566,0,3244731,-0,3503841,-0,7590706,-0,7698564,-0,6285403,-0,10916,0,120702,0,4835813,0,58409,-0,06032421,NA,-0,4445611,NA,0,09258631,0,6075068
Kdm5a,-0,2047668,0,1813784,0,1946745,0,310021,0,3217477,0,05904394,-0,09058251,0,05911911,-0,07874646,0,09963361,0,2457795,0,274128,0,3334797,0,2044159,0,1707999,-0,07628538
Nr3c1,-0,6691176,-0,4943644,-0,5082258,-0,1972363,0,116645,-0,2484133,-0,2715452,-0,4122938,-0,486457,-0,5062973,-0,6071054,-0,4504855,0,01975528,-0,05575094,-0,1288213,-0,2991274
Pak1ip1,0,01499509,-0,03717139,-0,07833651,-0,216486,-0,2631546,-0,1096949,0,05222164,0,1304287,-0,06832678,-0,04795711,-0,07847318,-0,2360947,-0,3887956,-0,151729,-0,01449814,0,01737322
St13,-0,2993619,-0,2576141,-0,5150059,-0,716069,-0,5987463,-0,2643563,-0,05810868,-0,02531228,-0,2821432,-0,1107641,-0,4460445,-0,4951835,-0,7015934,-0,4815055,-0,3109217,0,002656997
Tf,0,4653805,-0,6299394,-0,729705,-0,7887692,-0,8954578,NA,0,07436506,0,7452608,0,2575626,-0,1497797,-0,8121285,-0,7265697,-1,041523,-0,5240636,-0,4079509,-0,1344838
Utp6,0,318128,0,5060249,0,3236784,0,2778837,-0,09585687,-0,7450222,-0,6628435,-0,09990108,0,08767208,0,3815734,0,4932965,0,2659863,0,3168515,-0,2450088,-0,08311115,-0,3751785
Wdr12,-0,01849174,0,180152,-0,09612688,-0,3055621,-0,4571215,-0,3027577,-0,2121336,-0,1007085,-0,08583257,0,2529821,-0,06018582,-0,3578334,-0,544881,-0,3840497,-0,1160985,-0,2626737
Mgll,-1,021764,-0,6575485,-1,197551,-1,440102,-1,6939,-1,380452,-1,116165,-0,673104,-0,7692639,-0,8250529,-1,227063,-1,323946,-1,240803,-1,200253,-0,9448584,-0,9833859
Cutc,-0,4745659,-0,6144743,-1,036187,-1,053111,-0,445091,-0,3242345,-0,06708801,-0,3678184,-0,3701643,-0,328262,-0,8733407,-1,119954,-0,3452829,-0,1268407,-0,236217,0,04431525
Dync1li1,-0,2386647,-0,01920368,-0,6052098,-0,6665748,-0,4703026,-0,4505911,-0,2625534,-0,05797008,0,1293394,-0,08243007,-0,4923147,-0,7651103,-0,41186,-0,741316,-0,262794,0,04839725
Utp18,0,5121638,0,6191154,0,2467036,0,1023723,-0,2055176,-0,2501126,-0,1064823,0,05947993,0,2774641,0,6579915,0,4724492,0,0919557,0,1832119,-0,4281424,0,1183354,-0,2241638
Fam32a,-0,1751732,-0,393526,-0,255682,-0,6701152,-0,7106136,-0,2246577,-0,1897929,-0,03365203,-0,1876411,-0,2498701,-0,3359405,-0,4461504,-0,6085255,-0,2970153,-0,1139672,-0,002594432
Ddx17,0,03343664,0,08531305,0,1083786,-0,01535482,-0,03097168,-0,03040665,-0,006046604,0,02353368,0,02082342,0,06919455,0,08075912,0,01432472,0,002844902,-0,04795711,-0,02488704,0,06182712
Elf2,-0,1959774,0,04482113,-0,03632757,0,2122499,0,004392495,-0,3591837,-0,3160298,-0,3679302,-0,1651723,-0,1108978,0,1549396,0,0364223,0,2405715,-0,03379299,-0,2087669,-0,4553337
Serpina1d,0,09112559,NA,-0,5609106,-0,5847701,-0,3885753,-0,5459684,NA,0,1471861,0,02325515,-0,1493894,-0,4215869,-0,6351507,-0,5029415,-0,4723838,-0,4525954,-0,1067503
Pdlim5,-0,2833292,-0,284751,-0,5020251,-0,5106582,-0,75446,-0,6729231,-0,2808376,-0,1710787,-0,1259155,-0,4165155,-0,4337073,-0,6348721,-0,6106057,-0,7375137,-0,6509483,-0,393526
Cbx2,0,0904189,0,4806997,0,5364613,0,280247,0,02180435,-0,190678,-0,1318529,0,2159316,0,1555661,0,3673595,0,7196612,0,5632198,0,009829282,-0,2230518,0,009843827,0,3081622
Zfp644,0,03808034,0,310504,0,4707288,0,3901694,0,1110717,-0,05311137,-0,2967804,-0,04656085,-0,007339063,0,2508004,0,4782657,0,2271009,0,5758733,-0,03463829,0,05006921,-0,08433641
Setdb1,0,09899992,0,2703124,0,2116651,0,2994893,0,06107444,-0,07751644,-0,03351105,-0,005759195,0,01412072,-0,02346825,0,2508348,0,1981294,0,07403092,-0,03576464,-0,06571014,-0,08542464
Kri1,-0,08161233,0,4611043,0,3142661,0,3251778,0,3543537,-0,2267551,-0,1959774,-0,1273692,-0,09166604,0,07958472,0,3411533,0,3611569,0,3410436,-0,1012467,0,0331561,-0,08256635
Smchd1,-0,5454742,-0,3985693,-0,4473147,-0,3771793,-0,357946,-0,4800582,-0,6889412,-0,600365,-0,5029415,-0,5975074,-0,4057746,-0,355129,-0,453017,-0,4630992,-0,6359865,-0,7208038
Per3,-0,1036654,-1,064331,NA,-2,951681,-0,9701911,0,8862462,0,6855239,0,4786074,-0,06639916,-0,787516,NA,NA,-0,9654703,0,9250014,0,7495477,0,3979993
Bhlhe40,-0,4629946,-1,849999,-0,8973953,0,3553315,0,09324791,0,7988932,0,05392795,0,08800939,-0,58938,-1,541614,-0,7063758,0,5437826,0,2421916,0,8985112,-0,1315895,-0,2171066
Ccdc97,-0,05783146,0,1039685,0,1807242,0,3279639,0,4419675,0,4200861,0,01410613,0,03815442,-0,03449741,0,05548631,0,0216872,0,4732101,0,2101456,0,415557,-0,04068203,-0,1364539
Dimt1,-0,1765781,0,009016099,0,03413074,-0,04124304,0,001905622,-0,3119681,-0,3173041,-0,09098883,-0,1360601,0,07136055,0,1590252,-0,05755419,-0,2288495,-0,2439128,-0,2015084,-0,3243498
Gsk3a,0,006651691,0,7482142,0,2341258,0,3225955,-0,1458731,-0,3810618,-0,3782897,0,1428948,0,2474055,0,4218051,0,2877299,0,3884876,0,04294721,-0,8938282,-0,2729787,-0,444879
Utp15,0,5211214,0,68694,0,4880867,0,3977141,0,2533261,-0,3096419,-0,3898972,-0,08038475,0,1893183,0,6551488,0,7862982,0,499096,0,6543766,-0,2828548,0,1630256,-0,3758458
Zmym2,0,02218521,0,2549434,0,1688524,0,4343248,0,3987409,0,2078443,0,1324356,0,02287401,0,02711624,0,1251951,0,2362655,0,397049,0,2253626,0,1831464,0,1841787,0,1358554
Ccdc75,0,06914917,-0,3815049,-0,7870145,-0,9038096,-0,3490255,-0,1458731,-0,1563967,-0,1837088,0,004247769,-0,3765127,-0,6885833,-0,7803941,-0,8946044,-0,5773442,-0,4575418,0,05301468
Mll3,-0,1536757,0,1295288,0,2221784,0,5841332,0,4668952,0,3061273,0,2081776,0,1680903,0,08499168,0,259841,0,3442818,0,3523263,0,4185619,0,3888843,0,3404772,0,1542008
Rrp7a,0,104837,0,1826714,0,1162854,0,0692854,0,1031314,0,03941416,-0,03125411,0,04114987,0,1531416,0,2256157,0,2222457,0,1355543,0,01438299,-0,1342209,0,01712503,-0,04544289
Ncor1,0,09454129,0,225177,0,2715309,0,2965271,0,192134,0,07952374,0,0023102,0,1125527,0,1223028,0,2156971,0,2215559,0,3580656,0,2439673,0,191409,0,1778491,0,0970697
Eif4a2,-0,2781037,-0,458067,-0,6527847,-0,7428685,-0,7542889,-0,5431989,-0,4650863,-0,06350289,-0,3487989,-0,4869717,-0,6574571,-0,74028,-1,032877,-0,7117592,-0,6617496,-0,5136929
Kdm1b,0,0158992,0,009742186,-0,168257,-0,144699,-0,2529,-0,2573727,-0,05269407,0,2103792,-0,03913844,0,06191751,-0,02375215,-0,2143735,-0,2367069,-0,2279875,0,05476685,0,02441386
Lcp1,-0,3953919,-0,3672592,-0,9458324,-0,9643617,-0,9324391,-1,558219,-1,322159,-1,027933,-0,7696025,-0,6899253,-0,8248085,-0,9139521,-1,044674,-1,522056,-1,421533,-1,329411
Mtss1,-0,08759864,-0,3102238,-1,0229,-1,063434,-0,620211,-0,3416442,-0,5004962,-0,007051912,0,2835797,-0,9396027,-0,9634002,-1,066193,-0,5934972,-0,3757346,-0,1466552,-0,1719754
Nrip1,0,4377796,0,8657001,0,6014963,0,4588619,0,2103124,-0,06004741,0,1436437,0,6178308,0,6926648,0,7845326,0,6623917,0,3228301,0,269234,0,2650845,0,5545911,0,4443605
Tbl1xr1,0,1672477,0,3051643,0,3359542,0,3756464,0,2294838,0,2311254,0,09690002,0,215228,0,1574315,0,3072692,0,3296673,0,3362091,0,2917333,0,2869025,0,2295007,0,1644801
Thrap3,0,000129853,-0,01564032,0,03129726,0,1071039,0,05559132,0,09561997,0,03831742,-0,04334458,-0,009203812,0,013509,0,02171653,0,08673721,0,08630825,0,1157694,0,0349583,0,04918819
Zmym3,-0,1740229,0,1955499,0,3057705,0,446148,0,4855191,0,05237127,0,09512673,0,05104039,0,1322458,0,1875429,0,3188476,0,3926863,0,4231393,0,1401418,0,183687,0,07463852
Pdcd2,0,4560687,-1,346872,-1,438985,-1,26117,NA,0,05488672,0,02193618,0,2945086,0,1626703,-1,32648,-1,568275,-1,334225,-1,719183,-0,05408442,-0,597984,0,2218924
Polr1a,0,01841033,0,3165281,0,09498803,0,06255011,0,1222558,-0,1769609,-0,1545833,-0,1055439,-0,1129003,0,135792,0,1948561,0,1033019,0,1515383,-0,07915612,-0,1497797,-0,2147466
Mphosph10,0,569886,0,4141145,0,3510009,0,2205806,0,05229645,-0,5924451,-0,5927321,0,02636665,0,1797598,0,4693898,0,6918721,0,4266643,0,3368649,-0,3214664,0,03120877,-0,2917214
Rps19bp1,0,01099182,0,009045174,-0,0311129,-0,2637556,-0,16221,-0,1302719,-0,05505682,0,07243722,0,06083359,-0,03195977,0,01425185,-0,1474369,-0,3894567,-0,2167342,0,07699539,0,1192283
Zbtb1,0,3724305,0,3019593,0,6580142,0,854466,0,6956292,0,3986267,0,4277312,0,3820433,0,4016538,0,4540316,0,549789,0,7213967,0,5166357,0,3885065,0,3209907,0,1370766
Pafah1b1,0,01182068,-0,1505597,-0,8232602,-0,7374272,-0,6129658,-0,4376539,-0,3173041,0,2821405,-0,08909126,-0,1601458,-0,504061,-0,9137224,-0,4898511,-0,625551,-0,6027419,-0,1280294
Rbm45,-0,07148806,0,03994803,0,2424817,0,1735308,0,2271009,-0,4847053,-0,3276874,-0,1640138,-0,1315895,-0,1116991,0,3079656,0,1496486,0,2642352,-0,1160985,-0,2815499,-0,2580967
Sik3,0,1767398,0,05347874,-0,3057954,-0,5530656,-0,3091761,-0,2632748,-0,1579492,-0,1839629,-0,1043367,-0,1414329,-0,3900073,-0,3875831,-0,6016015,-0,5029415,-0,2485348,-0,09936258
Cwf19l2,-0,01549758,0,1672639,0,2534292,0,2816493,0,1322616,0,1268483,0,0259994,0,05095068,0,03726591,0,1687713,0,1706213,0,1127399,0,1420827,0,119965,0,02441386,0,01706664
Mapre1,0,08092692,-0,04208399,-0,2450088,-0,3971458,-0,4972291,-0,1055439,-0,2010065,-0,1300083,-0,02885203,-0,06722574,-0,2270017,-0,3208889,-0,6050202,-0,4601659,-0,3984598,-0,1779815
Eif1;Gm6900;Eif1b;Gm16378,0,4056807,0,308716,0,1274313,-0,005615641,-0,3717261,0,3454911,0,6627799,0,7942572,0,4512083,0,08800939,0,03418983,-0,2869995,-0,3495917,0,1714334,0,04897921,0,5262235
Zfand2b,0,02763086,0,2861106,0,3442635,0,1166607,0,2423964,-0,2785796,-0,4723838,-0,1293489,0,200979,0,2687473,0,05329911,0,2784961,0,2778138,-0,2944296,-0,2550777,-0,1458731
Ppard,-0,8519988,-0,001586012,-0,5941664,-0,8956904,-1,53451,-2,246226,-2,249233,-0,8565476,-0,2570107,-0,597698,-0,6000794,-0,9814143,-1,572065,NA,-0,903424,-1,306087
Rxra,-0,4128357,-0,04697992,0,002266791,0,1246288,0,1115704,0,02435518,-0,09504669,-0,1044708,-0,1552311,-0,1443075,-0,0207689,0,077589,0,07599136,0,09444883,0,03252148,-0,07929271
Bcl7a,-0,1991226,-0,2535053,-0,1052758,0,03016251,-0,07614867,-0,01863419,-0,05810868,-0,1551016,-0,3368547,-0,2832106,0,06017162,-0,0247452,0,05996104,0,09875274,-0,1482182,-0,1977397
D4Wsu53e,0,1907502,-1,822771,-1,678523,-1,04691,-2,070939,0,6683865,0,6341283,0,6732095,0,4467574,NA,-1,918157,-0,9049657,-1,336512,0,3543168,-0,01549758,0,5219705
Med13,0,0552765,0,05554628,0,1021555,0,1882988,0,3301387,0,1049766,0,08532838,-0,01235413,0,05199724,0,006419843,0,1750611,0,2281144,0,4350658,0,2130357,0,01658501,0,05139919
Rnf168,0,8816137,0,2854424,-0,3373114,NA,-0,4697818,0,5909839,0,9282098,0,8913484,0,5982166,-0,05727703,-0,2961931,0,3646078,-0,5799524,0,131977,0,8691483,0,8598233
Wasl,-0,4303923,-0,7376003,-0,7290089,-1,162983,-0,9698228,-0,4555442,-0,3216972,-0,143524,-0,07258602,-0,5069066,-0,6718368,-0,8822126,-0,6788833,-0,9035782,-0,5424067,-0,4126189
Zc3h11a,0,1426559,0,1202472,0,02598469,0,2002661,0,2040004,0,2515731,0,3224692,0,1186643,0,220194,0,1285032,0,0471595,0,159992,0,2595818,0,2605839,0,3032405,0,2570108
Dctn2,-0,2151194,-0,08038475,-0,6804144,-0,6380275,-0,3798428,-0,2570107,-0,1424789,0,04276881,0,2589948,-0,2299569,-0,141302,-0,8143453,-0,4694693,-0,4786094,-0,1497797,0,1354592
Fam49b;Fam49a,-0,4695734,-0,08556063,-0,587653,-0,6335707,-0,8029789,-1,542357,NA,-0,4658178,-0,5756028,-0,158854,-0,2001277,-0,3112706,-1,187451,NA,-1,359915,-1,330386
Hcfc2,-0,08827728,-0,03083044,-0,03689012,0,3127959,0,324708,0,01820576,-0,02984157,-0,1838359,-0,08351974,-0,1314578,0,1936347,0,03404217,0,2921395,0,1272264,0,09909266,-0,2639958
Zfp295,0,2054469,0,4992591,0,4154222,0,1211099,-0,09815002,0,1501448,0,05341886,0,2477653,0,3560146,0,5938552,0,3636793,0,2457624,-0,08624023,0,03729556,0,2443432,0,4230233
Zkscan3,0,3207383,0,6835066,0,6232207,0,5237946,0,2365544,0,06080354,0,2262737,0,4697095,0,5029549,0,6306396,0,7869949,0,4323572,0,3701725,0,09498803,0,4311896,0,4974657
Ubn2,0,01417899,0,6662786,0,6502724,0,7092925,0,6074188,0,3703776,0,2545819,0,4012727,0,3296491,0,6130787,0,6961668,0,771717,0,7767999,0,5923101,0,4779241,0,1170674
Tpm1,-0,1272371,-0,4504855,-1,164207,-1,002451,-1,449271,-1,223423,-0,924404,-0,4913913,-0,02814484,-0,9336482,-0,9892117,-1,228049,-1,281134,-1,566474,-1,168963,-1,052138
Bclaf1,-0,07997543,-0,09153062,-0,01934605,0,04531237,0,01275195,0,06346944,0,02472201,-0,0640551,-0,04865466,-0,05185929,-0,03801472,0,02577904,0,06753056,0,04103114,-0,009633875,0,05038289
Cirbp,0,06241452,0,01884875,0,3597122,0,4520369,0,5623035,0,08065227,-0,1649149,0,004710893,0,07863981,0,03092876,0,2846513,0,4195843,0,6030077,0,3000398,0,223677,0,07734546
Crebrf;A930001N09Rik,-0,6597419,0,02783677,0,4890786,0,2841418,0,3587129,-0,3799537,-0,9000263,-0,5676428,-0,1521185,0,0801184,0,5141405,0,4152683,1,045997,-0,4732155,-0,2374413,-0,3475523
Ddx10,0,3272216,0,01974064,-0,1668439,-0,311038,-0,3164934,-0,3035762,-0,1624679,0,006477801,0,1867545,0,1272422,0,09629841,-0,1892869,-0,269871,-0,1285573,0,1182571,-0,08528864
Hmbox1,0,3523632,0,4185812,0,5139138,0,6017591,0,5371938,0,3755528,0,2083276,0,2038342,0,2970588,0,4924236,0,4328051,0,4735104,0,6753967,0,4765785,0,4508138,0,1960951
Pcmtd2,-0,9135692,-0,6189904,0,02322578,NA,0,02061851,0,03584539,-0,2041406,-0,7406254,-0,6308714,NA,-0,511974,-0,07792662,-0,2123825,0,1124747,-0,1735112,-0,6173926
Rufy2,-0,0908535,-0,07737969,0,01455784,0,03402738,-0,01635366,0,02660182,-0,06046242,-0,05893986,-0,2138761,-0,1187585,-0,02687089,-0,003602319,0,04851669,0,05232633,0,02526509,-0,1372412
Mapkapk2,-0,0354831,0,03584539,-0,1031283,-0,1973622,-0,3572705,-0,2764371,0,06369563,0,1237954,0,03591935,0,2608259,-0,1545833,-0,3580586,-0,3859279,0,03175439,0,08748806,0,2383743
Trim27,-0,2464689,0,07669102,0,1200747,0,1328784,-0,007482617,-0,1754288,-0,4847053,-0,3300994,-0,418028,0,1339704,0,1368386,0,001631145,-0,002594432,0,1124747,-0,1747899,-0,5158134
Bptf,-0,06571014,-0,01792198,0,04080856,0,1210942,0,1401894,-0,01149566,-0,07888308,-0,1251221,0,06710728,0,03353996,0,1008554,0,06537031,0,1078499,0,0426797,-0,008343471,-0,08024827
Rbm12ba,-0,115566,0,04894941,-0,08106696,-0,08270261,-0,2701102,-0,3267674,-0,1551016,-0,1942131,-0,0724488,-0,005759195,-0,05533457,-0,1859933,-0,2566484,-0,3561438,-0,1188912,0,01054122
Ppargc1b,-1,001154,NA,0,6395347,NA,0,8926067,NA,0,02633731,NA,-0,7397617,-0,5634511,0,3426343,0,6762264,NA,0,01288287,NA,-0,6665748
Epb41l4b;Epb4.1l4b,0,2063288,0,1017994,-0,3119681,-0,3015876,-0,5395311,-0,1119661,-0,03913844,0,4217279,0,275699,-0,03843611,0,2463612,-0,2282337,-0,6002698,-0,1896664,0,1110872,0,04317012
Pdap1,-0,02261638,-0,455965,-0,4319973,-0,4312485,-0,4622617,-0,1820566,0,1371082,0,3483352,0,1076012,-0,3360548,-0,3550163,-0,5378427,-0,5351571,-0,4548076,-0,0542234,-0,2218153
Luc7l,0,02736617,-0,0416635,-0,3132458,-0,5923494,-0,5527705,0,006072053,0,1470583,0,05718154,-0,2796496,-0,07532719,-0,5283712,-0,41186,-0,6119278,-0,246104,-0,1940871,0,1179126
Anapc4,-0,1710787,-0,05935536,-0,1210154,0,06934594,0,1624604,-0,111432,-0,2537472,-0,3678184,-0,07792662,-0,1364539,-0,02630426,0,1280302,-0,03646811,-0,05213766,-0,1731275,-0,212009
Cherp,0,02258084,0,0759609,0,1066378,0,1670856,0,1104953,0,1206079,0,09434105,0,0261169,0,08935946,0,02410569,0,1349364,0,1518268,0,125447,0,1582684,0,0864767,0,06916424
Tcf12,0,01858567,-0,08746284,-0,3439194,-0,4177041,-0,4018489,-0,2117599,-0,1200864,0,002209002,-0,2240403,-0,338567,-0,3732863,-0,582267,-0,399882,-0,0533895,-0,1871343,-0,1433935
Lrif1;4933421E11Rik,-0,04180368,0,1240784,0,8172315,0,1950544,0,3276561,-0,4201859,-0,5555217,0,000995779,-0,06087747,0,5205418,0,7535798,0,4776027,-0,2117599,-0,5163178,0,06638201,-0,19131
Pcf11,0,06845307,0,008058267,0,01921428,0,1100904,0,1337962,0,1116328,0,1775554,-0,002594432,0,05389804,-0,03407487,-0,01035019,0,0692097,0,1522115,0,1828843,0,07195193,0,08245364
Ugp2,-0,6845495,-0,8322014,-1,217045,-1,583471,-1,773743,-1,085085,-0,7158055,-0,2281107,-0,9524081,-0,3601957,-1,07902,-1,364628,-1,992805,-0,9354598,-1,175812,-0,6924273
Dpp9,NA,-0,03181863,NA,NA,NA,NA,NA,NA,-0,1094274,NA,NA,NA,-1,163885,NA,NA,-0,4970246
Recql5,-0,09936258,0,2461388,0,1666808,0,2913624,0,2283341,0,05806737,0,03224111,0,03312662,-0,2273714,0,03590455,0,06925508,0,3139971,0,2027877,0,1417165,-0,000721115,-0,2960756
Atf1,0,06130017,0,09012705,0,09875274,0,01855649,0,01636608,-0,0416635,-0,05713834,-0,1255188,-0,1123665,0,02469262,0,04322958,0,1276519,0,02873423,-0,1367164,-0,09234277,-0,1059462
Foxp1,0,3961755,0,5590903,0,5607492,0,6226431,0,4407725,0,249102,0,2680174,0,2595818,0,3732712,0,3211348,0,4861859,0,5826417,0,4862465,0,3612126,0,4203757,0,1961778
Ilf2,0,009611465,0,03445577,0,01454325,0,007144536,-0,04558271,-0,0160683,-0,009633875,-0,007769512,0,02548537,0,01959445,0,03510605,-0,01521204,-0,007339063,-0,05630613,-0,06805168,0,01346525
Trrap,-0,0542234,0,09978814,0,03362859,0,1540082,0,224469,0,09427945,0,04103114,-0,04110281,0,08561916,0,05981072,0,1331791,0,14108,0,2145415,0,08831608,0,08503756,-0,03829577
Mta2,0,2195051,0,2964032,0,2923692,0,3408061,0,2961551,0,2835797,0,1873293,0,2544442,0,2741105,0,3235881,0,3776506,0,3647007,0,3289965,0,2234917,0,2814565,0,2219597
Apoa5,NA,-1,330501,-1,699818,-1,08692,-1,453017,-0,5013118,-0,4708232,-0,922274,-0,7431272,-1,464564,-1,506957,-1,381837,-1,506551,-0,7975112,NA,-0,5222567
Nop16,0,06359012,-0,1099623,-0,1245928,-0,3103401,-0,4216945,-0,3005338,-0,2565276,0,008508082,-0,09342498,-0,1770886,-0,01092296,-0,40523,-0,3902275,-0,3929768,-0,09450638,-0,2286032
Med12,-0,1523782,0,1587353,0,04836746,0,148177,0,2291625,0,01686225,-0,03998062,-0,11703,-0,003314423,0,06148079,0,1122252,0,2204461,0,1593474,0,04314044,0,03868783,0,001472321
Gys2,1,213136,-0,1870075,-1,156526,-2,22163,-0,3166091,-0,6441332,0,3929136,0,5219912,-0,07806332,-0,03913844,-1,023965,-2,085731,-1,733875,-1,815125,-0,775177,0,01184981
Fyttd1,0,312563,-0,0888201,0,1933377,0,2903035,0,512946,0,2842823,0,08308011,-0,09963177,-0,02885203,-0,1273692,0,2361296,0,3427441,0,6332107,0,5094504,0,2047151,-0,1253867
Ppp1ca,0,05988592,0,1045422,0,1191656,0,1709786,0,06083359,-0,05491792,0,02356305,0,08751875,0,1292447,0,118398,0,1386798,0,1294656,0,1267538,-0,01877663,-0,01706665,-0,02162186
Ddx18,0,05526149,-0,0633648,-0,1443075,-0,3168408,-0,2409859,-0,1638852,-0,2794119,-0,1268407,-0,04236425,-0,04893365,-0,07162537,-0,2046416,-0,2497487,-0,2440345,-0,1064823,-0,1411712
Msh3,-0,6644829,-0,2080177,-0,2481705,-0,007195495,-0,1839629,-0,366588,-0,3177671,-0,5637438,-0,3810618,-0,3624418,-0,230203,-0,06805168,-0,3290661,-0,1706942,-0,3718376,-0,5770541
Mgmt,0,1739051,0,05963021,0,2049313,0,1262183,0,01147167,0,246909,0,418292,0,504223,0,3400937,0,07125448,0,1420509,-0,1126334,-0,04096256,0,4399503,0,5014836,0,7562823
Cebpg,NA,NA,-0,5206485,NA,-0,6491095,NA,-0,2907782,NA,0,1502729,-0,1311943,-0,2733369,NA,-0,6016966,NA,-0,145221,0,1715796
Patz1,-0,4548076,-0,4808855,0,115535,0,3151992,0,5249981,NA,-0,02899346,-0,09153062,-0,2063932,-0,1589833,0,04614627,0,1089697,0,3357174,-0,06805168,0,1957316,-0,1275012
Krt8,0,2695991,0,6644253,0,3767325,0,4840454,0,4944749,0,1643346,-0,04614182,0,2276921,0,6217548,0,4568011,0,7857509,0,6456832,0,4440857,-0,2130051,0,09398683,0,1853102
Kansl1l;1110028C15Rik,0,2577351,0,3702843,0,5015857,0,7475843,0,7213252,0,3165281,0,009872919,0,1854085,-0,05199848,0,2683128,NA,0,4738911,0,6297911,0,513646,0,42138,0,2295177
Ski,0,5895286,0,7045355,0,4838234,0,3990072,0,1099036,0,425385,0,7095755,0,8803915,0,6407487,0,5991779,0,5427524,0,3626401,-0,05949366,0,2420551,0,9013649,0,7840109
Ep300,-0,1112984,0,03701426,-0,05283319,0,1873293,0,1379652,-0,003889986,0,02316715,-0,06983963,-0,1044708,-0,121148,0,02888135,0,08543549,0,07160316,0,06597427,-0,008343471,-0,02389408
Fbxl6,0,1191499,0,1310604,0,01727105,-0,231801,-0,6670292,-0,1575611,0,1296865,0,3884121,0,2709041,0,1243614,-0,06170706,0,008464574,-0,6639367,-0,2899525,0,1852773,0,02006244
Rpl24,-0,2031386,-0,581303,-0,6577315,-0,7269184,-0,5229597,-0,2584586,-0,4083858,-0,1832007,-0,3175356,-0,5756995,-0,4883093,-0,8330925,-0,587653,-0,08106696,-0,230572,-0,3700527
Ryr2,-0,08065767,-0,01292609,-0,000288558,0,03302324,-0,03224201,0,03479568,-0,03815525,-0,09125975,-0,169412,-0,1115655,0,03593417,0,002743753,0,04851669,0,03837668,-0,02034214,-0,1088924
Hcls1,-0,3349114,-0,1915626,-0,9236436,-0,9972562,-0,8418927,-1,37401,-1,05582,-1,188021,-0,4715517,-0,5254675,-0,4922121,-0,5450788,-0,9007992,-1,324983,-1,510354,-1,268554
Hnrnpl,-0,06612369,-0,06460693,-0,04795711,-0,01535482,0,1336538,0,02198018,-0,02644594,-0,09477648,-0,02304246,-0,06805168,-0,006333955,0,005782364,0,09337103,0,03073716,0,004667412,-0,02573757
Med28,-0,09653179,0,05996104,0,06607995,0,07927988,0,2378468,0,1503369,0,1002985,-0,02261638,-0,03913844,0,0881934,0,1439784,0,160895,0,14264,0,01874648,-0,01106615,-0,04614182
Tubb2a;Tubb2b,-0,52677,-0,3876934,-0,9383987,-1,033441,-1,312897,-1,031466,-0,9026525,0,1306813,-0,6187086,-0,3394795,-0,978635,-1,123931,-1,815001,-1,151989,-1,087395,-0,860049
E4f1,-0,235482,0,4504984,0,5071521,0,7355236,0,2702602,NA,-0,3917678,-0,06942715,0,000591656,0,3920425,0,4463446,0,6390178,0,7952083,0,200979,0,3512953,-0,05074544
Sp2,-0,2503552,0,0648873,-0,01435528,0,05541134,0,0680296,-0,1115655,-0,144699,-0,2042659,-0,03139513,-0,01063669,0,09954083,0,1126931,0,07757375,-0,02162186,-0,007195495,-0,1759396
Maml1,0,2296869,0,04721912,0,0785027,-0,212009,-0,3392514,-0,193961,-0,2914856,-0,06557227,-0,1561377,0,1843754,0,05653617,-0,03421579,-0,2112614,-0,1793837,-0,20989,0,01253361
Rpl241,-0,1216786,-0,254594,0,03472177,0,09754815,0,238034,-0,1159654,-0,1310627,-0,2953704,-0,1729995,-0,3323928,-0,01521204,0,09383283,0,5235665,0,2939779,0,1001593,-0,2086421
Crtc2,-0,095722,-0,2769134,-0,6212431,0,1909972,0,3034898,0,3038459,0,2481422,-0,116764,0,06831692,-0,1343524,-0,3230819,-0,1076879,0,09592827,0,5757013,0,1521955,0,2469603
Srek1,0,1426719,0,05371828,0,02113081,-0,02304246,-0,05394543,0,09657606,0,05815752,0,07202768,0,06482694,0,04447886,0,02041362,-0,04432424,-0,09423606,0,01334877,0,001602306,0,1346037
Uhrf2,-0,2597846,0,3011059,0,378213,0,3858273,0,649186,-0,1051417,-0,0724488,0,04238247,0,1075546,0,1694526,0,3975051,0,3861666,0,6004679,-0,07819984,-0,04977013,-0,0610158
Wbp7,-0,1949696,0,0464591,-0,02204824,0,1440581,0,1788612,0,08476213,0,01051221,-0,2147466,0,02567627,0,01057033,0,09140224,0,0871356,0,1959795,0,1429107,0,08263703,-0,08556063
Aff4,0,2386807,-0,0647449,0,05346375,0,2558561,0,160379,0,4332531,0,3389436,0,1369497,0,1912442,-0,01292609,0,05926944,0,2529478,0,2878357,0,3645892,0,2219597,0,1908984
Baz1b,-0,05477901,-0,115566,-0,6681191,-0,7476022,-0,4158668,-0,3628907,-0,1978653,-0,1066163,0,02842514,-0,2195867,-0,681944,-0,7377733,-0,7719701,0,003408764,-0,3491388,-0,2452522
Eif3h,-0,2363395,-0,5655972,-0,8038056,-0,8383467,-0,9393018,-0,6079575,-0,2337653,-0,4042492,-0,4491124,-0,5678375,-0,7521491,-1,069427,-0,9887756,-0,919912,-0,5777309,-0,7534333
Rnf169,-0,1968587,-0,3912178,-0,3520805,0,02683693,-0,03012422,-0,01692422,-0,04697992,-0,473735,-0,2549568,-0,4040311,-0,415975,-0,276318,0,01705202,0,02594065,-0,03337007,-0,1532865
Acd,NA,NA,NA,0,07609778,0,2074945,NA,NA,NA,NA,NA,NA,0,1901905,0,1671991,0,03922143,-0,5177292,-0,6845495
Crebbp,-0,09653179,-0,0878702,-0,03618686,0,04339315,0,003408764,-0,03913844,-0,1315895,-0,1587248,-0,07860982,-0,2012575,-0,08976937,0,01380024,0,03247723,-0,02332628,-0,1137005,-0,09626186
Noc4l,0,007811666,0,1572383,0,1635749,0,003061786,-0,001009529,0,01445587,-0,07217448,0,03346621,0,1465792,0,2031863,0,2633172,0,07479049,-0,04963072,-0,02048441,0,03002993,-0,04194384
Rbm12bb,0,155534,0,2656393,0,2527931,0,1879701,0,05964527,-0,009920342,0,2056632,0,2531025,0,3312091,0,3036144,0,09603626,0,0258672,-0,2125071,-0,095722,0,1435958,0,2871841
Ehmt2,-0,01063669,0,08863819,0,2587358,0,07949331,0,002440175,-0,1401242,-0,2102642,-0,02346825,-0,09666675,0,1116016,0,3413909,0,1880851,0,02839576,-0,141302,0,08629292,-0,2588203
Hsf1,0,4807197,-1,17447,-1,711231,-0,8927407,-0,2968979,0,3561068,0,1118198,-0,5673507,0,05517152,-1,411589,-1,225645,-0,9529299,-0,841007,0,2657434,-0,1352722,0,1242671
Supt6h,0,01070114,0,05310452,-0,0408223,-0,05880134,-0,06308875,-0,05074544,-0,01592577,0,05731664,0,0171688,0,04927779,-0,02431962,-0,05144163,-0,169412,-0,001874253,0,01366915,0,01852722
Dnaja2,0,02299125,-0,1848516,-0,345737,-0,5727927,-0,3793991,0,06015664,-0,07874646,-0,08161233,-0,1294808,-0,2428159,-0,3054453,-0,4603756,-0,5276709,-0,1028596,-0,2493846,-0,03266509
Emg1,-0,006333955,0,02250755,-0,04502354,-0,05088473,-0,06170706,-0,05783146,-0,06267433,-0,004321636,0,03312662,0,05371828,0,05596618,-0,0441843,-0,1476974,-0,1470462,-0,03477915,-0,07176267
Znf385b;Zfp385b,-0,102994,-0,1237986,-0,1663298,0,001717839,0,4128463,0,1060166,0,05340387,0,05344876,0,01270823,-0,1486088,0,01974064,0,008058267,0,3706761,0,289986,0,1216435,0,1158476
Znf394,-0,6072001,NA,0,4659583,1,040942,0,5395825,NA,0,2576143,-0,3127813,0,04014086,-0,02573757,0,3420856,NA,0,5447505,NA,0,08830072,-0,1090262
Esr1,-0,1360601,-0,8888503,-1,168899,-1,581399,-1,974676,-1,27733,-1,79531,-0,6854468,-0,2525368,-1,269153,-1,182311,-1,542704,-2,081681,-0,8612407,-0,7769462,-0,4966157
Gabarapl1,0,129734,-0,05408442,0,2789686,0,4177908,0,5094299,0,6555805,0,6236429,0,267288,-0,06350289,0,2498223,0,08894509,0,7354276,0,4642656,0,5445399,NA,0,4874191
Dpys,-0,9680539,-1,20558,-1,777115,-2,118194,-2,202888,-1,692606,-1,249203,0,1778817,-1,099968,-0,3306731,-1,814509,-2,180657,-2,652509,-1,891147,-2,13983,-1,2949
Dhrs1,0,2027047,0,1092187,0,01016343,-0,1560082,-0,01720924,0,07304415,0,1896968,0,2177256,0,3860158,0,1252267,-0,002018352,-0,06626152,-0,04544289,0,1160977,0,153944,0,01265002
Zmym6,0,009669553,0,595184,0,479452,0,295128,-0,2422062,-0,929185,-0,9658397,0,06355993,-0,7706176,0,4089525,0,6210002,0,6510651,-0,1044708,-0,3318198,-0,2965454,-0,1896664
Cacybp,-0,1832007,-0,2326607,-0,2006298,-0,2840402,-0,8529577,-0,5445843,-0,2565276,0,1567719,-0,1075539,-0,07011455,-0,241108,-0,3502709,-0,7929386,-0,5382402,-0,222681,-0,2668765
Nipbl,-0,1552311,-0,0167816,-0,04096256,0,07996587,0,1575279,0,09600538,0,1583489,-0,04614182,0,07497281,-0,03829577,0,01712503,0,08610915,0,1700206,0,1139728,0,1126775,0,04137259
Nop2,0,1684794,0,09994277,-0,04879416,-0,245374,-0,2550777,-0,0275787,-0,2103888,0,004435882,0,01177707,0,05767692,-0,02502885,-0,1877678,-0,1728715,-0,1372412,-0,05172008,-0,08229379
Phf17,-0,6840108,-0,4513299,-0,1219437,0,1530935,0,43819,0,1556304,-0,3047447,-0,3757346,-0,08746284,-0,1911836,-0,08678382,0,2426353,0,4924236,-0,2290956,-0,2630345,-0,1396005
Mga,-0,04096256,0,3234618,0,457217,0,6051128,0,4140376,0,0821635,-0,1426094,0,2098452,0,03652584,0,223778,0,4208778,0,3996732,0,4662373,0,1999844,0,3176604,0,08960503
Yeats2,-0,07642223,0,03303802,0,08670653,0,04409207,0,1227426,-0,06170706,-0,2484133,-0,1277653,-0,06873958,-0,1900459,0,1556947,0,1406983,0,2149433,0,03664429,-0,01735182,-0,1765781
Zmynd8,0,2129688,0,2208664,0,1817876,0,1989076,0,1778328,0,1021555,0,04137259,0,1238111,0,2134539,0,1641568,0,205713,0,23243,0,1855891,-0,004896797,0,09418701,0,1035188
Mdc1,-0,01578305,0,1656771,0,0842879,0,3144814,0,2602901,0,04385412,0,004609526,-0,08528864,0,07374246,-0,009347181,0,1505932,0,09451044,0,1269586,0,01337794,-0,05032762,-0,10916
Hira,0,2033358,0,5498313,0,4506561,0,63785,0,5548667,0,3318445,0,2069282,0,3072515,0,31432,0,4386397,0,5431097,0,6321146,0,6724966,0,4361586,0,5621118,0,2133702
Ppp4c,-0,01035019,-0,06032421,-0,1090262,-0,2020102,-0,1994997,-0,08854871,-0,02701252,-0,03604614,-0,08976937,-0,04963072,-0,1615652,-0,09058251,-0,1629835,-0,1068843,-0,1212807,-0,02304246
Prkar2a,0,4652212,0,4659185,0,06285152,0,06842286,0,03452967,0,1621213,0,2164008,0,5039774,0,4206653,0,2182123,0,1332265,0,02281539,0,2401284,0,01524301,0,2263243,0,2279285
Exosc10,-0,1284253,0,1226326,0,01623476,-0,03689012,-0,08596853,-0,08147596,-0,1350094,-0,02389408,-0,01006364,0,001400102,0,0548568,0,06930047,-0,1088924,-0,1145003,-0,1593708,-0,10742
Usf2,-0,07231157,0,005217574,0,0220241,0,02032579,0,01661415,0,005594076,-0,04222413,-0,1235338,-0,02190613,-0,0451634,0,009437132,0,0561912,0,04960625,0,04071949,0,005434728,-0,02389408
Add1,-0,1147668,0,1687875,-0,1896664,-0,2795307,-0,05963212,-0,4935448,-0,4650863,-0,3590714,0,04248653,-0,1019189,-0,0359054,-0,3402774,-0,3290661,-0,6481892,-0,4121854,-0,3865902
Recql,-0,1342209,0,1994873,0,1024188,0,1162384,0,1798088,-0,1389455,-0,1145003,-0,09058251,-0,05018827,-0,06419311,0,2241151,0,2263581,0,01779679,0,1022175,-0,0699771,-0,1015157
Scly,-2,243669,-1,682618,-2,042399,-2,482048,-2,710239,-2,813032,-2,348742,-1,314523,-2,165912,-1,339365,-1,92486,-2,488361,-2,913071,-2,775367,-2,830134,-2,397803
Pdlim1,-0,3434647,-0,2893624,-0,5261689,-0,6599246,-0,7039866,-0,6344074,-0,2202061,0,1331474,-0,1363226,-0,1188912,-0,4029404,-0,5105569,-0,7445056,-0,8151655,-0,5266699,-0,4909808
Pno1,0,09221711,0,06781787,-0,001586012,-0,0416635,-0,1560082,-0,1021878,-0,06970215,0,1132079,0,1279514,0,08693639,0,1202158,-0,06018582,-0,1798932,0,004392495,0,104046,-0,01834928
Hsp90ab1,-0,3249257,-0,3297552,-0,4906728,-0,5912006,-0,9335726,-0,3694944,-0,1889072,0,006550274,-0,2320467,-0,0647449,-0,4954906,-0,5041627,-1,129085,-0,3330801,-0,3715031,-0,05672221
Nop58,0,2519682,0,5182878,0,43047,0,4513463,0,2972361,0,1096078,0,2745118,0,2357388,0,2505258,0,5122256,0,5536167,0,3875437,0,5693936,0,07816759,0,231515,0,1451585
Emsy,0,2328537,0,451958,0,6171668,0,753823,0,5295516,0,2952519,0,06107444,0,4211676,0,3901317,0,5630493,0,6761342,0,8241369,0,755527,0,4696695,0,5799434,0,2273711
Cabin1,0,06650294,0,5678958,0,6043449,0,7007084,0,5841548,0,06734918,0,1303023,0,3046297,0,2098285,0,4713687,0,617698,0,6165252,0,6470607,0,375085,0,4948611,0,2041998
Ppp5c,0,2442578,0,04803929,-0,1365852,-0,4121854,-0,80719,NA,-0,08759864,0,3924779,0,04657828,0,1034104,-0,1314578,-0,1063484,-0,196733,-0,132511,0,05060704,0,1443611
Wdr75,0,43819,0,860845,0,3959287,0,4714687,0,3602492,-0,1458731,0,01581174,0,1326886,0,184064,0,692758,0,8635198,0,7080901,0,7053351,-0,05893986,0,3423052,-0,1087586
Fam76b,-0,3887956,-0,3008851,-0,108491,0,1243929,0,1033639,0,3331888,0,2342956,-0,175301,0,03920658,-0,4146767,0,01874648,0,1184607,0,0735451,0,145717,0,2676179,0,1640598
Tbx3,0,2268982,0,2711652,0,4089525,0,06724332,0,1813948,-0,02091112,-0,3185771,-0,05352838,0,3819118,0,3767137,0,5358545,0,318146,0,1079899,0,2098285,0,03041296,0,0585781
Tpm3;Tpm3-rs7,-0,08243007,-0,1394695,-0,6356151,-0,5499156,-0,7662135,-0,7430409,-0,3784007,0,1695175,0,02098439,-0,2728593,-0,503654,-0,6710216,-0,7868472,-1,092546,-0,9293365,-0,6258315
Top1,0,01900959,0,04872551,-0,08664794,-0,08392822,-0,05783146,-0,008486926,-0,002018352,-0,01192487,-0,001586012,-0,01792198,-0,05630613,-0,103397,-0,08651205,-0,1319846,-0,01149566,0,06407261
Bag1,-0,04320455,-0,08909126,-0,07162537,-0,1348781,-0,2106382,-0,2782227,-0,1610493,-0,04530324,-0,08678382,-0,02955887,-0,0692898,-0,06322686,-0,4742543,-0,3702759,-0,1996252,-0,1545833
Ahsa1,-0,9719574,-0,9608083,-1,292664,-1,331247,-1,658828,-1,110363,-0,6909981,-0,5046712,-0,8734983,-0,8124571,-0,8372974,-1,366812,-1,619037,-0,7824086,-1,10829,-0,4549128
Dcps,-1,097746,-0,768756,-1,106616,-1,240925,-0,8576626,-2,133103,-1,716596,-0,9484513,-1,330501,-0,8113066,-0,9362139,-1,130602,-1,640713,-1,997256,-1,755229,-1,48042
Mef2d,-0,02616273,0,2864273,-0,01621099,-0,1548424,-0,1820566,-0,1601458,-0,02034214,-0,06018582,-0,05893986,0,1309972,0,05011399,-0,133432,-0,4134858,-0,2665168,-0,151729,-0,1080895
Phc2,-0,03843611,0,07704102,0,005565071,-0,05158086,-0,02955887,-0,264116,-0,211386,-0,01663897,0,1337962,0,1014898,-0,07313477,0,01587007,-0,2782227,-0,1509495,-0,09801521,-0,09044699
Skiv2l2,-0,1311943,0,01899495,-0,04432424,-0,01449814,-0,05477901,-0,1031283,-0,1199537,-0,1012467,-0,01906128,0,004160923,-0,02871058,0,02167253,-0,1054098,-0,09788039,-0,1249898,-0,07368314
Dnm2,-0,3229665,-0,1591125,-0,3336527,-0,5281712,-0,8060353,-0,7064643,-0,2855797,0,06319809,0,0559812,-0,2260152,-0,3873625,-0,6288203,-0,6718368,-0,7060221,-0,4370147,-0,6714746
Wdr46,0,6344418,0,100515,-0,3485724,-0,1807844,-0,6350578,-0,5298709,-0,4660267,0,2091946,0,1708324,0,2685908,0,1699394,-0,2968979,-0,1656869,-0,3241193,0,08123219,-0,07573799
Eif4g1,-0,4705108,-0,4725917,-0,6648469,-0,8346304,-0,8548733,-0,7105255,-0,6156046,-0,2251515,-0,4382929,-0,6901936,-0,6489255,-1,013212,-0,8853401,-0,8829951,-0,6903724,-0,774924
Atp6v1h,NA,-0,5515898,-0,9731336,-0,7239517,NA,-0,4924173,0,3490333,0,2918923,NA,-0,45249,-0,8179507,-0,7368213,NA,NA,NA,NA
Cast,0,1462917,0,1778001,0,118304,-0,02573757,-0,2192151,0,1704589,0,3096097,0,6663702,0,2933058,0,2718966,0,1655639,-0,2933705,-0,201132,0,04791998,-0,0426443,0,3556268
Urb2,0,1707025,0,3239493,0,3415919,0,2586323,0,2680522,0,1738888,0,08300368,0,1883317,0,1918868,0,2941371,0,4142106,0,3402398,0,3928946,0,1699719,0,2814213,0,134873
Fam120c,-0,3201958,0,02488342,0,05808241,0,1579464,0,09737841,0,0258672,0,006144506,-0,02375215,-0,1423481,-0,03773361,-0,02800333,0,1649329,0,1316134,-0,113167,-0,114367,-0,1419559
Edf1,-0,2097652,0,2301775,-0,3300994,-0,6895676,-0,594453,-0,8396372,-0,3066122,-0,1156992,0,03393872,-0,1378969,0,05479686,-0,1863738,-0,3987882,-0,8358432,-0,2454957,-0,3155663
Kat5,-0,1440464,0,0646459,0,04544628,0,08063699,0,1011648,-0,0729976,-0,09855437,-0,1562672,0,03772493,-0,002738459,0,05937464,-0,01663897,-0,05810868,-0,1174291,-0,1319846,-0,09464151
Tbl1x,0,313746,0,3961755,0,4129423,0,4259663,0,2476453,0,244668,0,09310941,0,2711827,0,2681912,0,3778755,0,4662173,0,4479771,0,3366827,0,2302791,0,3699114,0,282702
Esf1,0,1951369,-0,1480882,-0,09653179,-0,4358419,-0,3774015,-0,1351408,-0,122474,0,02218521,-0,05547326,0,03785822,-0,1244606,-0,3234277,-0,4134858,0,07944752,-0,007626157,-0,003746074
Abt1,0,3019593,-0,3306731,-0,4748772,-0,7032779,-0,5303705,-0,03153631,-0,3567073,-0,09828482,0,003076177,-0,1024567,-0,2767945,-0,5321673,-0,6030269,-0,03927886,-0,01720924,-0,05699965
Gnl2,0,141271,-0,2108876,-0,3613192,-0,1863738,-0,3854863,0,4336817,0,1280144,0,1897296,0,1541688,-0,1066163,-0,2234226,-0,291132,-0,455439,0,2391404,0,1359347,0,06709224
Mlh3,0,6151544,0,5669979,0,481626,0,5840684,0,2093114,0,03723626,0,2058129,0,5719649,0,6938311,0,5009935,0,420453,0,5237738,0,04575904,0,3634937,0,3283806,0,5640941
Rab11b;Rab11a,-0,1066163,-0,1297446,-0,610889,-0,6277936,-0,4140272,-0,3981315,-0,487795,0,04537191,-0,03492,-0,2262619,-0,3777345,-0,6238669,-0,6465313,-0,6468078,-0,403813,-0,4765372
Zfp407,0,06182712,0,1441059,0,3687747,0,3137998,0,2440528,0,008261406,-0,1650436,-0,006621249,0,2186487,0,3402398,0,3243828,0,3958718,0,302244,0,03045714,0,283808,-0,2403754
Cgn,-0,255682,-0,07915612,-0,4514354,-0,2140004,-0,7890198,-1,145743,-0,54962,-0,0446039,0,3795074,-0,1821838,-0,205017,-0,5282712,-0,5600302,-1,215057,-0,645056,-0,7667224
Cyp2a5,0,5729731,-0,1013812,-0,1708224,0,1032554,0,2789162,0,02685165,0,6046301,0,6873116,0,2168535,0,2188333,0,2065452,-0,1736392,0,3728227,0,5233799,0,5067831,0,6556259
Ikzf1,-0,08528864,0,4736106,0,1915079,-0,1063484,0,09615961,-0,281906,-0,3938555,-0,4839834,-0,05436236,0,09049571,0,4203179,0,2013605,0,3079121,0,08483864,-0,1900459,-0,3843814
Ogt,0,0331414,0,2927226,0,1547147,0,2227844,0,091925,-0,06571014,0,0298237,0,07944752,0,07599136,0,1985102,0,1360299,0,115785,0,05403275,-0,03660879,0,02051602,0,1240155
Vta1,-0,3333092,-0,3223896,-0,4406334,-0,6179567,-0,9107327,-0,5829413,-0,1826923,0,08225508,-0,1691554,-0,1307991,-0,6049253,NA,-0,8860428,NA,-0,7361286,-0,3054453
Rb1,0,1827206,0,2735,0,09184811,0,1367435,0,06600443,0,09250938,-0,02502885,0,2016923,0,1845066,0,1535909,0,2173063,0,1338754,-0,1204847,-0,07696952,-0,003746074,0,06701666
Utp20,-0,1068843,-0,02417773,-0,009633875,-0,1959774,-0,01521204,-0,2273714,-0,511974,-0,2770325,-0,04222413,0,09324791,0,2138553,-0,002306507,0,02569097,-0,1905516,-0,1889072,-0,3035762
Etv3,0,1970872,-0,6601985,-0,2463473,-0,7054029,NA,0,2690254,0,4372325,0,346995,0,3750289,0,08424205,-0,4091466,-0,5442876,-0,6539772,1,099494,0,5745406,0,3657041
Trim39,0,2252952,0,07708673,0,1029145,-0,1865006,-0,1795111,NA,0,6845729,NA,0,5305724,0,5923536,0,1765604,-0,1479579,-0,4462562,0,2540485,0,4985252,0,4889976
Actn1,-0,4775738,-0,6030269,-0,9031926,-0,7215914,-0,9545686,-1,072929,-0,5066019,-0,2112614,-0,1983684,-0,4745659,-0,8283879,-1,031889,-0,9687912,-1,080862,-0,8844807,-0,8511993
Arf3;Arf1;Arf2,-0,421156,-0,120352,-0,485839,-0,4985572,-0,9509162,-0,7228158,-0,4476321,0,08433376,0,03583058,-0,1710787,-0,444667,-0,6309645,-0,7625614,-0,7884352,-0,692695,-0,7359554
Baz2b,0,013509,0,2059793,0,1974345,0,3416651,0,2152783,0,306484,0,1535107,0,1531416,0,1104953,-0,07477944,0,1455894,0,2052972,0,3405138,0,2424817,0,1699557,0,04263515
Hdac3,0,137505,0,4297702,0,4736307,0,5384085,0,334007,0,3498052,0,1092654,0,3195316,0,2931645,0,3729723,0,4137877,0,5238153,0,3939937,0,2871666,0,3841695,0,1772617
Grwd1,0,3569751,0,1579947,0,01231529,-0,160533,0,07134546,0,5196108,0,2658302,0,3616574,0,009074163,0,1456372,-0,05241581,0,01670174,-0,0265876,0,3133695,0,238034,0,394354
Scmh1,-0,1961033,-0,1314578,0,1259506,0,2277934,0,222616,0,05114498,-0,1867541,0,1588158,-0,1634987,0,004768783,0,2413557,0,2060791,0,1735145,-0,008630365,-0,09139519,-0,1078218
Ciz1,-0,7803941,-0,8580606,-0,8131142,-0,8257043,-0,9386246,-0,9390761,-0,9455328,-0,7877668,-0,7366482,-0,6919807,-0,6775308,-0,9008765,-0,9472547,-0,9018033,-0,8035576,-0,7527485
Nags,0,7862483,0,4053368,-0,4578569,0,2397024,-0,7960993,0,6775411,0,5928322,0,8755659,0,4840857,0,5168008,0,06175182,-0,5270703,-0,8954578,0,1718234,0,1395854,0,5473623
Zfhx3,0,3843765,0,663648,0,6258453,0,5932674,0,5786717,0,3335706,0,4277312,0,4296537,0,381066,0,4589808,0,7006616,0,6417388,0,5822312,0,3391991,0,5304891,0,2217747
Celf1,0,2599445,-0,102994,-0,02856912,0,01519921,0,135697,0,2104126,0,1379493,0,07637157,0,1929584,0,02200943,0,03745838,0,01546168,0,100778,0,2668192,0,3067517,0,2262568
Ubqln4,0,08552736,0,1041701,0,3372658,0,3637535,0,1740027,0,09117175,-0,1194226,0,1580912,0,09751733,0,2005645,0,3081086,0,3898669,0,1477614,-0,04488368,0,1709786,0,05335899
Srbd1,-0,2001277,-0,09288389,-0,05255495,-0,003170453,-0,0160683,-0,1079557,-0,199374,-0,1737671,-0,2609891,-0,2433034,-0,190678,-0,1007085,-0,0724488,-0,08365592,-0,3219281,-0,3971458
Tmsb4x,-0,3151024,-0,1194226,-0,6536103,-0,4215869,-0,760519,-1,244339,-1,379621,-0,4407397,-1,064607,-0,3325074,-0,7796379,-0,5296711,-1,031607,-1,760987,-1,534659,-1,106683
Kpna2,0,06889191,-0,05380643,-0,5817851,-0,4676968,-0,2683145,0,1157225,0,2066951,-0,09369545,-0,05630613,-0,1518587,-0,5818814,-0,4934424,-0,7096436,-0,1322477,-0,2766753,0,03473657
Cdc23,-0,3517414,0,05367338,0,1119913,-0,02729555,-0,005902907,-0,005902907,-0,2182232,-0,1625968,-0,1393385,-0,1674864,-0,05949366,-0,001009529,0,03538697,-0,07423148,-0,2966629,-0,23842
Agxt2l1,-1,090515,-1,697018,-1,828103,-2,08641,-2,43336,-1,776609,-1,091801,-0,6421933,-1,695549,-0,9933483,-1,744075,-2,217076,-2,336026,-1,668301,-2,102524,-1,315798
Fads2,-0,8396372,-0,951737,-0,8694767,-1,220144,-0,8763303,-0,6111724,-0,7320521,-0,4456207,-0,6717463,-0,9680539,-0,9506177,-1,320831,-0,9967502,-0,8607642,-0,5402257,-0,8808814
Fkbp3,0,1390769,-0,2208253,-0,3374256,-0,3538878,-0,2200823,-0,2367069,-0,09680152,0,04802435,0,1083008,-0,2910141,-0,2852247,-0,3549035,-0,2579761,-0,4641455,-0,1736392,-0,1145003
Nop56,0,2952166,0,3796013,0,3104683,0,2330572,0,2020573,0,08900646,0,1055353,0,1252738,0,1992885,0,3768823,0,4566625,0,3429088,0,4303922,0,1210158,0,2391914,0,1122252
Rps6,-0,04306451,-0,6325474,-0,5861161,-0,6686637,-0,3961595,-0,2096405,-0,2117599,-0,01792198,-0,2976023,-0,5476472,-0,5187366,-0,7556568,-0,3458505,-0,06032421,-0,3032254,-0,4359486
Yaf2,0,1547147,0,1047439,-0,1718473,0,01046855,-0,06129241,NA,0,1852117,0,1347146,0,09489565,0,07001214,0,03593417,-0,03773361,-0,09855437,-0,06805168,0,05545637,0,1235126
Mpnd,0,2101289,0,07573287,0,3434213,0,2449073,0,3006971,0,2056798,0,05419756,0,02899917,0,1496807,0,07900555,0,2721754,0,4012918,0,4129038,0,04742785,0,1717909,-0,1512094
Cecr2,-0,3458505,-0,2941943,-0,1726155,0,3390531,0,09234013,-0,1811662,-0,1952215,-0,4205094,-0,2669964,-0,4133774,-0,122474,-0,2589409,0,3069479,-0,1952215,-0,1724875,-0,563939
Daxx,-0,2258919,-0,044464,-0,02147971,-0,005759195,0,01410613,-0,10742,-0,1607912,-0,2897164,-0,1363226,-0,257252,-0,140517,-0,07354603,-0,05283319,0,05283511,-0,2229281,-0,3025237
Por,-0,07628538,-0,2025117,-0,5842891,-0,3460776,-0,3697177,-0,1989969,-0,1602748,-0,003314423,0,1009017,-0,03927886,-0,1962293,-0,6457939,-0,09125975,-0,1416943,-0,01321208,0,04143197
Zfp362,-0,09949727,-0,1284253,-0,2564068,-0,108491,-0,3048614,-0,4086031,-0,4960021,-0,4508021,-0,345737,-0,2834477,0,07950848,-0,07121356,-0,1983684,-0,4089292,-0,2776278,-0,4132691
Znf687,0,3099138,0,2800543,0,4724492,0,5603024,0,4728696,0,3013726,0,2604111,-0,02800333,0,303472,0,05370328,0,4727894,0,4207233,0,4233907,0,3182539,0,2539969,-0,2188431
Neil1,-0,8062003,-0,1292171,-0,1668439,-0,1204847,-0,02431962,-0,6433945,-0,5516883,-0,4056657,-0,3823906,-0,3092926,-0,1339581,-0,07203723,-0,0292761,-0,9318343,-0,7175613,-0,6484655
Znf787,-0,4358419,-0,2669964,-0,2450088,-0,3541136,-0,3469853,-0,6133431,-0,4138107,-0,3757346,-0,3691593,-0,3113869,-0,1688987,-0,1845977,-0,5202463,-0,479748,-0,4235244,-0,5222567
Paics,0,3361363,-0,07011455,-0,4427578,-0,5446832,-0,9547175,-0,3490255,0,07029985,1,048203,-0,1394695,0,4839849,-0,3700527,-0,8657604,-0,7363018,-0,3708338,-0,6524177,-0,1106305
Klf3,0,07548956,0,05232633,-0,1335635,0,05799226,0,05060704,0,2568212,0,1181005,0,03898429,0,09321709,0,05030818,-0,1343524,-0,2507191,0,004797685,0,1853921,0,3047901,0,1476176
Gm17352;Rps18;Gm10260,-0,1066163,-0,3315905,-0,4045761,-0,4711354,-0,3504972,-0,3561438,-0,2245343,0,05799226,-0,2141248,-0,1456122,-0,2033891,-0,4985572,-0,3547907,-0,2444,-0,06557227,-0,2626737
Phf14,-0,07066408,-0,02814484,0,00510176,0,1233239,0,2793888,0,05587617,-0,0244615,-0,09518178,0,06905833,-0,08610431,0,006303932,0,06700153,0,1697122,0,1703128,0,005116172,0,02924942
Rora,-0,6243349,-0,5679348,-0,8580606,-1,437228,-1,04712,0,1786816,-0,1035311,-0,0888201,0,03154791,-0,1483484,-0,3131298,-1,830458,-1,806448,-0,7086728,-0,0729976,0,02473671
Polr2g,0,05413765,-0,1290852,-0,1929516,-0,2451305,-0,117163,-0,1247251,-0,1062144,-0,1079557,-0,07093885,-0,06073913,-0,1499097,-0,1754288,-0,1460035,-0,1439158,-0,06295063,-0,03040665
Phf21a,0,1397444,0,2979099,0,4801361,0,1940637,0,1357128,-0,06846439,-0,1141004,-0,02332628,0,0302656,0,1972857,0,4648628,0,3659458,0,3528237,-0,2068932,0,2598064,0,01738784
Hspbp1,0,1633971,0,06239953,-0,2008809,-0,4278206,-0,3103401,-0,5532622,-0,5547361,-0,08038475,-0,09518178,-0,1585955,-0,4368015,-0,09653179,-0,5234616,-0,516822,-0,5254675,-0,3137102
Arid5b,-0,006764703,0,2773067,0,4947392,1,097703,1,00906,0,4307812,0,2122165,0,5326788,0,3657785,0,2495479,0,5561388,0,9413095,0,9671938,0,6782104,1,000895,0,2929701
Dnajc7,0,2065452,0,08919059,-0,1837088,-0,3122005,-0,2197106,0,0,1439465,-0,1660727,0,05283511,-0,008773791,-0,2365845,-0,2597846,-0,3214664,-0,1944653,-0,1276332,0,0387175
Homer2,-0,3886856,-0,685985,-0,7261336,-0,8111422,-0,6891202,-0,6139088,-0,3482324,-0,6180507,-0,3443741,-0,7262208,-0,7053144,-0,8381853,-0,6408985,-0,6497534,-0,5670587,-0,005471901
Lin37,-0,08624023,-0,08827728,-0,1732553,0,3471418,0,256218,-0,01249718,-0,08814155,-0,3057954,-0,5056878,-0,2404974,-0,2096405,0,0147182,0,2668713,NA,0,2125174,-0,3443741
Nacc2,-0,1633699,0,5046118,0,5819936,0,4696495,0,1636234,-0,2406196,-0,1164979,0,01785521,0,1259664,0,5510778,0,5951405,0,4672741,0,07248279,0,1761203,0,3175346,0,08751875
Arid2,-0,1092936,-0,05990899,-0,02460336,0,07286207,0,1307761,0,02099905,-0,07683272,-0,08202134,0,03196089,-0,1440464,0,01091912,-0,008486926,0,07222484,0,08666059,0,01772375,-0,08746284
Hnf1a,0,1029455,0,2438819,0,1359981,0,1891868,0,04199625,-0,05185929,-0,01934605,0,1580751,0,07328705,0,1398715,0,2315658,0,1324989,0,09776429,0,009480757,0,09954083,0,09504966
Polr1d1,0,1077722,0,08017939,-0,02729555,-0,1309309,-0,0439044,-0,2012575,-0,3532104,-0,1691554,-0,2234226,0,04741292,0,009074163,-0,0275787,0,000865848,-0,1773438,-0,3800644,-0,2901885
Zrsr1,0,02258084,0,2810883,0,3157019,0,5715359,0,447682,0,004247769,0,1438669,0,05883362,0,1873293,0,3664851,0,4677927,0,1915243,0,3837176,-0,04236425,0,1337329,0,03171017
Nosip,0,3458578,-0,4860449,-0,4713435,-0,5216539,-0,2564068,0,1073681,0,1628479,-0,1411712,0,07868558,-0,3810618,-0,3916578,-0,587749,-0,5562087,0,3958528,-0,1493894,0,1241256
Ddx56,-0,08651205,-0,1031283,-0,2128806,-0,3275724,-0,2925462,-0,1424789,0,01898031,0,110106,-0,04670055,-0,07121356,-0,01749438,-0,3583962,-0,3587338,0,02944082,0,02359233,-0,103934
Aen,0,2582181,-0,2320467,-0,1474369,-0,7609448,-0,7555713,0,5813891,0,6863593,0,4199896,0,2500968,-0,4158668,-0,6071054,-0,2140004,-0,5849625,0,3619725,-0,03266509,0,07204287
Hal,0,4596156,-0,1120997,-0,7236896,-0,6428402,-0,9023438,-0,4562805,0,008058267,1,713639,0,01638069,0,5195488,-0,6495695,-0,8528778,-1,577586,-0,7688407,-0,8556708,-0,1179609
Ap3m1,0,3619355,0,2330233,0,1875429,0,4224431,0,3293771,0,6153312,0,4466001,0,3876381,0,2969702,0,1945094,0,1437393,0,1608466,0,5159753,0,6964706,0,4981583,0,1210942
C3,0,3347891,-0,02630426,-0,1932041,-0,1848516,-0,1528972,-0,2659169,0,09500346,0,5772072,0,2814389,0,1091565,-0,100574,-0,1811662,-0,193961,-0,2257685,-0,1996252,-0,05491792
Exosc7,-0,1792563,-0,0160683,-0,03576464,-0,08705537,-0,1360601,-0,1647863,-0,1347467,-0,08433641,-0,1359287,-0,0451634,-0,05547326,-0,02715413,-0,1881477,-0,1715911,-0,2025117,-0,2450088
Gmppa,0,05955511,-0,1168971,-0,3589589,-0,8064479,-0,3914378,-0,3341105,-0,414785,0,1221772,-0,1035311,-0,01891905,-0,3532104,NA,-0,346418,NA,-0,190678,-0,1240634
Rrp36,-0,08922691,-0,5945485,-0,5251669,-0,7960993,-0,7310095,-0,1269729,-0,4467856,NA,-0,01249718,-0,2993619,-0,3508367,NA,-0,8284691,NA,0,01902423,0,1663083
Eps15l1,-0,1154328,-0,1251221,-0,7535189,-0,4782988,-0,7314439,-0,9310779,-0,3904475,0,07652371,-0,01877663,-0,261952,-0,270828,-0,5132886,-0,5348584,-0,9228067,-0,5820742,-0,5797595
Gc,0,09622129,-0,5300707,-0,2408638,-0,4011936,-0,3309025,0,000317429,-0,007195495,0,3535793,-0,03026536,-0,111165,-0,3026407,-0,3727293,-0,2734562,-0,3468719,-0,05297228,-0,04684024
Rrp8,0,1529972,0,000692654,-0,2131294,-0,2324152,-0,07382025,0,08929808,-0,1321162,0,1617016,0,1296865,0,08515997,-0,04530324,-0,2123825,-0,2538683,0,1999347,0,132483,0,1422579
Sugp1,0,09175582,0,2030036,0,08528239,0,1082698,-0,0878702,0,000995779,0,006637178,0,08794807,0,01342159,0,1560966,0,1963431,0,07600658,0,00652125,-0,006190286,0,05163838,0,08561916
Tcf7l2,0,115785,0,4866103,0,765793,0,6698546,0,3543537,-0,04725923,-0,2630345,0,4961831,0,1739051,0,5664423,0,6709567,0,8159864,0,7393961,0,3838306,0,3674898,0,07947804
Trp53;Tp53,NA,0,1489286,NA,NA,NA,NA,-0,03562387,NA,0,7642729,NA,-0,2188431,NA,-0,8463128,NA,-0,1206174,0,2935357
Vps72,-0,2468337,0,005014863,-0,316725,0,2297206,0,2192364,0,08109483,-0,0207689,-0,4177041,-0,1227389,-0,2839217,-0,1096949,0,01428103,0,2337356,0,01903878,-0,2625534,-0,2314324
Baz2a,0,2282665,0,3765451,0,4359048,0,464584,0,6161492,0,5131518,0,4100256,0,3817426,0,4296925,0,4600919,0,5540403,0,5829009,0,5839602,0,4174248,0,5111765,0,3785318
Dedd,0,01697902,0,3733272,0,464584,0,80367,0,5260366,0,587923,0,1138322,0,2716702,0,3962704,0,5471937,0,4309561,0,4782055,0,5899847,0,2668366,0,3114705,0,100778
Fto,-1,092546,-1,112633,-0,9276689,-1,569734,-1,505586,-1,348459,-0,9107327,-0,6392322,-0,9905919,-0,8832297,-1,162468,-1,416894,-1,684549,-1,122143,-1,490724,-0,8209754
Imp4,0,6022846,0,3273665,0,1415256,0,08361508,0,0708908,-0,478713,-0,4463621,0,2420209,0,1372987,0,4372911,0,4440857,0,3836235,0,184523,-0,1609202,-0,1236661,-0,4023947
Msn,-0,3687125,-0,2897164,-0,6191782,-0,580049,-0,667756,-1,224164,-0,9654703,-0,2992446,-0,2901885,-0,3311319,-0,2707084,-0,4927248,-0,4482667,-1,199688,-0,6627523,-0,8417316
Nhp2l1,0,1015208,0,2888047,0,2055468,0,2156971,0,08240785,-0,04921259,0,01397502,0,01342159,0,0272044,0,23243,0,2955883,0,1706537,0,3502282,-0,03068919,0,1118198,0,01767987
Pak2;Pak3,-0,5418122,-0,1760674,-0,4114263,-0,7668919,-0,8861209,-0,9401292,-0,3590714,-0,6554434,0,05353862,-0,1293489,-0,5042645,-0,6901041,-0,674551,-0,8238308,-0,5356548,-0,6910875
Ppwd1,-0,1742785,-0,2027625,-0,1627257,-0,3071954,-0,2559237,-0,1634987,-0,03674946,-0,06653696,-0,2195867,-0,1159654,-0,2441563,-0,3137102,-0,2470768,-0,1426094,-0,1914362,-0,04977013
Osgin1,0,7232533,1,322541,0,3128676,-0,6510402,-0,8676593,-0,312549,-0,09909318,-0,0618453,0,704042,0,3864306,0,1297024,-0,01092296,NA,-0,02856912,NA,1,211598
Actbl2,-0,1319846,-0,02417773,-0,4829516,-0,3840497,-0,4037041,-0,641731,-0,4182439,-0,2376861,-0,1853591,-0,2006298,-0,03379299,-0,2884176,-0,3922075,-0,9227307,-0,6265793,-0,6289135
Arpc2,-0,1347467,-0,2637556,-0,5733746,-0,7367347,-0,6881356,-0,7358688,-0,500802,0,04563993,-0,3271125,-0,1729995,-0,4932375,-0,6140031,-0,6185206,-0,9350825,-0,9376457,-0,6239605
Alyref2,-0,527771,0,2609296,-0,009203812,0,7064412,0,5907665,-0,03660879,0,2818949,-0,2083924,-0,4182439,-0,286408,-0,003602319,-0,1115655,0,8038462,0,2902153,-0,2240403,-0,8755442
Actc1;Acta1,-0,2414741,-0,1268407,-0,5402257,-0,4696776,-0,444773,-0,7439889,-0,5589533,-0,3484591,-0,01863419,-0,2923105,-0,3266523,-0,4403144,-0,4756037,-0,8844025,-0,7095554,-0,7178245
Paf1,0,02458993,0,1540563,0,07052711,0,05430238,-0,06887715,0,04140224,0,06158624,0,09526543,0,1499367,0,1150505,0,05569624,0,00423328,-0,02162186,-0,01478381,0,05556129,0,0348991
Shmt1,-1,354903,-1,469261,-2,091158,-2,281194,-2,546857,-1,808632,-1,452912,-0,215368,-1,719928,-0,6674834,-1,886238,-2,645633,-3,044009,-1,817991,-2,302992,-1,505281
Wiz,0,07324145,-0,08460858,0,0764781,-0,02502885,-0,2673561,-0,04530324,-0,2184712,-0,08038475,-0,09369545,0,04595264,0,1145818,-0,1149001,-0,209391,-0,2577348,-0,2028879,-0,1887806
Ash1l,-0,1017845,-0,02062666,0,2384253,0,4793313,0,4616407,0,2062955,-0,0699771,0,09237094,0,1820658,0,04158048,0,3551101,0,1513139,0,5538073,0,3848474,0,2212195,0,131171
Alad,-0,73014,-0,7875996,-1,319734,-1,77011,-1,946955,-1,373398,-0,8541553,-0,1849785,-1,309002,-0,2713062,-1,232415,-1,618051,-2,454413,-1,215554,-1,755614,-0,9770967
Blmh,-0,3732863,-0,799999,-1,012426,-1,240803,-0,9701174,-0,5510976,-0,2267551,0,2352292,-0,5343605,-0,07970238,-0,645425,-0,788101,-1,145025,-0,5246655,-0,8012414,-0,2532632
Tial1,0,01361091,-0,08188502,-0,0647449,-0,08433641,-0,1409095,-0,07382025,-0,05741553,0,07615861,-0,0647449,-0,05325044,-0,05394543,-0,2057679,-0,07546414,-0,02913487,-0,02247432,0,03526871
Upb1,0,6553305,-0,0984196,-0,4227712,-0,3765127,-0,3521935,0,4175211,0,3358266,1,303899,0,2411851,0,6517903,-0,3330801,-0,4853237,-0,7613704,0,2275907,-0,3020558,0,3679552
Krr1,-0,01120934,0,3116496,0,1037825,0,1294814,0,07079984,-0,5643294,-0,319618,-0,1264442,-0,03562387,0,2740582,0,3230285,0,06252003,0,06355993,-0,2589409,0,1314397,-0,1767058
Senp5,-0,225275,0,06238444,0,01451415,0,2927403,0,3152531,-0,1871343,-0,5072111,-0,1051417,-0,3253864,0,07431953,0,207761,0,3586574,-0,2211965,-0,412077,NA,NA
Serpina1b,0,5059838,-0,6391395,-0,5245653,-0,3417581,-0,2398868,0,1749308,0,5664636,1,22732,-0,02687089,0,08563448,-0,5963627,-0,7914391,-0,3901174,-0,3534363,-0,162081,0,1359981
Polr1c,-0,003746074,0,2170044,0,04017048,-0,007195495,0,02297658,-0,2002533,-0,2360947,-0,1285573,-0,1495195,-0,008630365,0,04981533,0,129513,0,1000356,-0,1633699,-0,03308822,-0,2330291
Rad23b,-0,2205776,-0,0633648,0,2483649,0,05425747,-0,1979911,-0,2041406,-0,1231364,-0,1126334,-0,2216915,-0,05630613,0,008827389,0,1172552,-0,1330374,-0,3218127,-0,1828194,-0,2886539
Ctnnd1,-0,009777201,-0,458277,-0,8824474,-1,367818,-0,6696618,-0,9114999,-0,6746414,-0,3181144,0,04856142,-0,6394175,-0,7652801,-0,8105665,-0,8475961,-0,4455148,-0,6766285,-0,5051795
Bcor,0,2992052,0,4369981,0,297573,0,1121005,0,008928966,0,01244626,0,04314044,0,2506288,0,318146,0,2279961,0,3134053,0,2769745,0,1272106,0,172181,0,3113094,0,320342
Cwc25,0,04593773,0,1181788,-0,03787417,-0,1059462,-0,1966071,0,0173002,-0,07819984,0,06736432,0,009291985,-0,09234277,-0,103397,-0,221444,-0,06805168,-0,1032627,0,04687637,0,08998884
Med20;Gm20517,-0,2458607,-0,01449814,0,07830468,0,06781787,0,1668913,0,1512179,-0,03252402,0,02041362,-0,006333955,-0,06225996,-0,02687089,0,02343107,0,1077256,0,03901388,-0,0426443,-0,1305355
Znf830,-0,02219017,0,122774,0,06656336,-0,03040665,-0,02048441,-0,1305355,-0,07148806,0,04547609,0,05568122,0,02848407,0,03769527,0,06059287,0,01240263,-0,02616273,-0,06557227,-0,007769512
Ddx39b,-0,09234277,0,02802799,0,1230725,0,09300172,0,03682186,-0,1290852,-0,03913844,-0,07614867,-0,09612688,-0,06073913,0,0456101,0,08416556,0,01269365,-0,02119536,0,04403258,-0,170566
Hsp90aa1,-0,373843,-0,335369,-0,4652954,-0,5922536,-0,8899407,-0,4041402,-0,2138761,-0,08406419,-0,3082443,-0,1373724,-0,5213523,-0,4345616,-1,073409,-0,3556929,-0,4336005,-0,08556063
Anapc1,-0,1401242,0,02880783,-0,000144286,0,0995563,0,04028923,0,07331736,-0,1973622,-0,2387868,-0,08229379,-0,1127669,-0,09125975,0,04820332,-0,0729976,-0,0618453,-0,1158324,-0,1501697
Hnrpdl,-0,1890338,-0,1804026,-0,1647863,-0,1154328,-0,03674946,-0,1615652,-0,1713349,-0,186247,-0,2390313,-0,1964812,-0,1267086,-0,1744064,-0,06350289,-0,1513393,-0,114367,-0,2905423
Irf9,-0,4515408,-0,3333092,-0,1310627,-0,3655806,NA,-1,313362,-1,211324,-0,5175276,-0,2370741,-0,7001733,-0,468114,-0,4485838,-1,215182,-0,7718856,-1,036328,-1,272979
Snx5,-0,6214307,-0,1497797,-0,7300529,-0,8708184,-0,9416322,-0,7744181,-0,4404207,0,2299575,-0,06267433,-0,1031283,-0,4952858,-0,7186137,-0,4376539,-0,96066,-0,6277936,-0,09477648
Taf2,-0,1505597,-0,1398623,-0,1483484,-0,05838585,0,1117886,0,0860019,0,0147619,-0,1234014,-0,05755419,-0,1292171,-0,02105333,-0,06970215,-0,02488704,-0,05588976,0,01518461,-0,09653179
Nono,0,1910631,0,08245364,0,07550478,0,06187236,0,06218862,0,1014434,0,1277622,0,07134546,0,1217848,0,09904625,0,05285001,0,03959206,0,08370684,0,1362042,0,1549396,0,2104461
Psip1,0,0680598,NA,0,07039077,1,094064,NA,NA,0,6441719,0,07903598,0,1303654,0,261431,0,4631712,0,6906376,0,9638695,0,4375646,0,5769274,-0,2080177
Ube2k,-0,1186256,-0,05783146,0,2133367,0,04821826,-0,3516284,-0,0615688,-0,2776278,0,01216986,-0,1333004,0,08935946,0,125384,0,1501448,-0,3432372,-0,3670355,-0,3228512,-0,2987756
Asl,-0,6832024,-1,080317,-1,851799,-2,058005,-2,065607,-1,617063,-1,044814,0,7334353,-1,256286,-0,06073913,-1,591584,-2,386921,-2,909159,-1,730096,-2,227741,-1,226139
Bap1,0,1393312,0,1904538,0,1412392,0,1824422,0,2253795,0,2532916,0,1820166,0,1395378,0,1727338,0,1336855,0,1769354,0,3003062,0,2747737,0,2701732,0,2709737,0,2103459
Cbfa2t2,0,1249435,0,2774465,0,2429426,0,2068616,0,04528255,-0,25181,-0,2873541,-0,06281248,0,06837742,0,2619499,0,6030294,0,2106631,0,2688168,-0,03097168,0,001891156,0,3176604
Cdc16,-0,3171883,-0,1875144,-0,1829465,-0,1007085,-0,09139519,-0,2144979,-0,2747686,-0,3609822,-0,141302,-0,2197106,-0,1640138,-0,06515872,-0,1624679,-0,06488286,-0,2293418,-0,246712
Gabarap,0,2641833,-0,1397313,-0,1851053,-0,3335382,-0,4139189,-0,1378969,0,2195387,0,2667498,0,1036584,0,03776933,-0,3952822,0,06496277,-0,5239633,-0,2984237,-0,1984942,0,0391473
Ipo5,-0,2144979,0,06810515,-0,6420084,-0,6124941,-0,6034067,-0,2992446,-0,07683272,-0,003314423,-0,230326,0,221741,-0,5988416,-0,7442472,-1,00389,-0,5564049,-0,6393248,-0,2409859
Me1,-2,259755,-2,118393,-2,693431,-3,24896,-3,302582,-2,805334,-2,259393,-1,211074,-2,516267,-1,462,-2,339508,-3,095773,-3,748891,-2,464172,-3,152573,-2,196985
Zbtb33,0,5311561,0,691709,0,5492401,0,6311535,0,3034898,0,3534317,0,4186199,0,6912431,0,7862732,0,5683663,0,8049045,0,6939712,0,3330981,0,3140329,0,5206453,0,6203346
Anxa2,-0,6225556,-0,491494,-0,8545542,-0,5796629,-0,85591,-1,18053,-0,7887692,-0,6174865,-0,03801472,-0,5577777,-0,7042522,-1,123997,-1,224164,-1,270947,-1,158014,-1,045373
Armc3,0,4577321,0,05436229,-0,1340894,-1,039489,-0,2535053,-0,2794119,-0,4616333,0,7896112,0,6002055,0,0727407,0,05261062,-0,01035019,-1,354791,-0,3175356,0,2785136,NA
Atf7ip,0,1712222,0,1961117,0,2066118,0,4438698,0,1376319,0,0307961,-0,05311137,0,1266277,0,04333369,-0,02644594,0,1894335,0,2785661,0,2139892,-0,07011455,-0,1066163,-0,06350289
Cxxc5,-0,001586012,-0,1040682,-0,06915226,-0,1116991,-0,3451693,-0,3441468,-0,2412301,0,001414563,-0,01849174,0,296722,0,2147926,-0,271067,-0,4368015,-0,340961,0,1220045,0,09309399
Nol6,0,207028,0,3574556,0,2123168,0,1162384,0,1662113,0,1471062,0,02436978,0,1862619,0,227236,0,3311184,0,2683822,0,2689037,0,0912793,0,06050257,0,08317184,-0,08976937
Rfx1,-0,1133004,0,1458447,-0,0244615,0,097965,0,09552744,0,006101068,-0,2013829,-0,1909309,0,0141499,-0,02247432,0,02324046,0,1065446,-0,003746074,-0,04558271,-0,04656085,-0,1160985
Gpx4,NA,0,8248268,-0,02587931,0,1663246,NA,0,08375268,0,321243,1,387072,0,5471726,0,64749,0,1400941,0,1736936,-0,2862897,0,1394424,0,3148043,0,54145
Zfp763,-0,4709273,0,001067978,0,3433114,0,4178872,0,4943733,NA,-0,5611061,-0,1095611,-0,1593708,-0,1183597,0,000216456,NA,0,2515388,NA,0,1381399,-0,5955992
Capza2,-0,1628546,-0,3212354,-0,8224446,-0,6205865,-0,6326405,-0,8412486,-0,3707223,0,0117625,-0,1654296,-0,3493653,-0,4966157,-0,7522348,-0,7512923,-0,879549,-0,7379463,-0,6824834
Nol7,0,07054228,-0,24245,-0,353662,-0,2332746,-0,5211512,-0,640806,-0,5373458,-0,3656925,-0,1361914,-0,2107629,-0,1461339,-0,4934424,-0,2848694,-0,5198438,-0,3634514,-0,3978029
Zfp318;Znf318,0,03039821,0,2310239,0,2089278,0,2895804,0,2253457,0,2080943,0,2041998,0,1803972,0,09855192,0,1380764,0,2691993,0,2918923,0,2800193,0,2515559,0,2638022,0,1916562
Foxk1,-0,005040595,-0,4248146,-0,4535439,-0,5338624,-0,07066408,0,3287248,0,1147693,-0,07025199,-0,3892364,-0,3941849,-0,544881,-0,4496406,-0,7693486,0,3991594,-0,156526,0,2822282
Pklr,-1,860009,-1,868015,-2,810237,-2,848297,-2,958564,-2,648627,-2,145025,-0,6283537,-2,336312,-1,493084,-2,667711,-3,059061,-3,627257,-2,586549,-3,085068,-2,193299
Med23,-0,2085173,0,1596859,0,06546082,0,2047483,0,1763484,0,1074768,0,1638819,0,04759191,0,01364007,0,06066811,0,1533021,0,17511,0,2008961,0,1276676,0,03321514,-0,05227683
Swap70,NA,-0,1112984,-0,2617113,-0,3046279,NA,NA,-0,03913844,0,03193135,NA,-0,1637564,-0,2596641,-0,3607576,NA,-0,3444877,-0,2306949,NA
Ppip5k2,0,4367247,-0,005328146,NA,-0,1302719,-0,1768333,0,1454457,0,3752534,0,04950168,0,2443775,-0,1134338,-0,2404974,-0,8326065,-0,5370475,-0,2066433,0,08561916,NA
Atrx,0,1315187,0,005000366,0,1530133,0,3185778,0,4353975,0,2780063,0,2279624,0,1353007,0,2083943,0,1164261,0,0662763,0,1505771,0,2602383,0,2657608,0,1813948,0,1638658
Iqgap2,-0,1012467,-0,1838359,-0,5129854,-0,417488,-0,563939,-0,5214528,-0,380951,-0,1894135,-0,09653179,-0,3677065,-0,5672533,-0,5432978,-0,6142858,-0,6248028,-0,6139088,-0,5671561
Zfp128,0,01164616,NA,NA,-0,2824991,-0,6286337,NA,-0,2066433,0,01361091,-0,1741506,0,1894499,NA,-0,2938414,-0,5004962,-0,3314759,NA,-0,1457427
Gne,-0,4860449,-0,4741504,-0,9404299,-1,303342,-1,432692,-0,7669767,-0,3243498,0,08376799,-0,8582993,-0,05255495,-0,7444195,-0,9895024,-1,66612,-0,4827451,-0,8318772,-0,3774015
Apeh,0,000779292,-0,2956054,-0,9960995,-0,7957669,-0,8921967,-0,5576797,-0,2607483,0,7588676,-0,3600833,0,06285152,-0,8386695,-0,9775364,-1,361038,-0,585251,-1,027012,-0,3447149
Clk4,-0,008917032,0,1596053,-0,002450562,0,1524359,0,5950316,0,2342956,0,03172485,0,1009481,-0,05116329,0,2795639,0,2269996,0,5675108,0,5645207,0,2209841,0,1202002,0,001169096
Ddx47,0,01365457,0,15242,-0,06736329,-0,044464,-0,2392758,0,04648894,0,05102542,0,1748005,0,06309262,0,1781592,0,03277233,-0,1454818,-0,3095255,-0,1208827,0,00050503,-0,038998
Lig3,-0,1695402,0,125384,0,1378065,0,1766093,0,129655,0,0875341,0,0612851,-0,01349801,0,05821759,-0,01392662,0,1060787,0,1026821,0,09355571,0,02832218,-0,06598585,-0,03969989
Nsun2,0,003408764,-0,003170453,0,08610915,-0,1003049,-0,003458378,0,2742675,0,4906183,0,4941904,0,08836206,0,1708486,0,06675977,-0,002882472,-0,2465906,0,3977522,0,3198557,0,3098243
Poldip3,-0,03280615,0,03577143,-0,1142337,-0,08133958,-0,1348781,-0,1589833,-0,05783146,-0,05436236,0,002454646,-0,1087586,-0,07093885,-0,1244606,-0,1361914,-0,0633648,-0,03857661,0,04141711
Ahcy,-1,282084,-1,369885,-2,020342,-2,336226,-2,365245,-1,89243,-1,383663,-0,1531568,-1,691177,-0,5516883,-1,734569,-2,365973,-3,063641,-1,935271,-2,370555,-1,56701
Irf2bp1,-0,04586229,0,2803873,-0,02743714,0,02833691,-0,4139189,-0,09423606,0,07672148,0,2096116,0,09642179,0,1604757,0,06591378,-0,0939657,-0,3917678,-0,06584801,0,09815028,0,1303181
Repin1,-0,002738459,0,5001363,0,3770883,-0,06391706,-0,0615688,-0,1834547,0,3117033,0,5306141,0,3154865,0,4230619,0,2811409,0,0669864,-0,4949787,-0,07519039,0,1735471,0,249102
Dctn4,0,2774815,-0,04809668,-0,1629835,0,004783277,-0,6924273,-0,08773442,0,3038993,0,3822877,0,2610852,0,2124004,0,1940637,-0,3354833,0,08643077,-0,1957256,0,4480558,0,3936905
Smc3,0,1078655,0,12699,-0,003889986,0,03947346,0,02196551,0,03436718,0,08340105,0,05015878,0,1276676,0,07128484,-0,001442041,0,04210028,0,03581577,-0,007626157,0,08571105,0,1326412
Ddx49,-0,1759396,-0,1938348,-0,1986199,-0,26123,-0,3108054,0,3474539,0,3392539,0,2763803,0,01173338,0,1097323,-0,1843437,-0,1676149,-0,3233124,0,01128264,0,2053304,0,03216742
Hook1,0,3125988,0,4521554,0,2793188,0,08560383,-0,2288495,0,2078443,0,211047,0,3170851,0,2351613,0,2979808,0,2141398,0,1462757,-0,1658154,-0,1656869,0,3298485,0,114863
Rab1b,-0,06722574,-0,2112614,-0,5814959,-0,594453,-0,5175276,-0,5048746,-0,3655806,-0,06708801,-0,2771516,-0,2046416,-0,3273424,-0,687867,-0,4618429,-0,6659384,-0,4632039,-0,5536554
Lin54,-0,1697967,0,02857231,-0,06667474,0,05376326,0,2103292,0,01288287,0,0117189,-0,1214134,-0,004609331,-0,1223414,0,01659953,0,05812744,0,1067776,0,07196703,-0,07929271,-0,000721115
Scfd1,-0,02204824,-0,08773442,-0,3969266,-0,4694693,-0,3848234,-0,4429701,-0,1754288,-0,1360601,-0,0451634,-0,351176,-0,3233124,-0,5760868,-0,3314759,-0,3335382,-0,245374,-0,3978029
Xrn2,-0,1881477,-0,121148,-0,1178281,-0,08283886,-0,04012096,-0,07436837,-0,10916,-0,1420866,-0,1248574,-0,1502997,-0,1179609,-0,1290852,-0,0500489,0,008754802,-0,1551016,-0,1004395
Dnajb5,0,01431013,NA,-0,6678468,-0,6176746,-0,151729,0,180479,0,4754749,0,341921,0,2760483,0,09557375,NA,NA,-0,01349801,NA,NA,0,06567221
Gtf2ird1,0,2109803,1,109981,1,536168,0,8171551,0,9310953,-1,662525,-0,4386122,0,6284301,0,4820894,1,260567,1,175273,0,7855021,0,7752929,0,2611198,0,2590292,-0,009777201
Acly,-1,605731,-1,48321,-1,754161,-2,227772,-2,386646,-1,891497,-1,51924,-1,156267,-1,875544,-1,209266,-1,844426,-1,992841,-2,664597,-1,804095,-2,161307,-1,614003
Aldh8a1,-0,7538612,-1,015926,-1,837419,-1,908813,-1,945758,-1,41538,-1,06067,0,5021986,-1,058039,-0,3006508,-1,568567,-1,873026,-2,806716,-1,736432,-2,108892,-1,330788
Eif5a;Eif5a2,0,164658,0,04999452,-0,3544521,-0,4486895,-0,6674834,-0,168642,-0,1195554,0,8275125,-0,06887715,-0,1718473,-0,3567073,-0,582845,-0,7934381,-0,7554004,-0,5342609,-0,2648367
Exosc9,-0,2471984,-0,01777946,0,01106452,-0,09545191,-0,1521185,-0,1168971,-0,1573025,-0,1567849,-0,2266318,-0,0650208,-0,001009529,-0,02941749,-0,1867541,-0,1265764,-0,1926992,-0,221939
Man2c1,-0,7069947,-0,6094713,-0,835924,-1,135929,-1,264176,-0,9402795,-0,6946574,-0,3715031,-0,9038866,-0,2860532,-0,8167226,-1,062536,-1,230941,-0,6889412,-0,9164003,-0,6243349
Mta3,0,04520811,0,3855634,0,02236109,0,4219212,0,1809859,0,2200764,-0,1463945,-0,2194628,-0,05727703,-0,1476974,0,1503529,0,2498394,0,3805776,0,1369338,-0,07642223,-0,08460858
Narg2,0,131898,0,01569498,0,009771189,0,2363505,-0,138028,-0,2828548,-0,3777345,-0,05699965,0,2014601,0,1867873,0,1700692,-0,0533895,-0,2202061,-0,03843611,-0,0533895,0,01873184
Ndrg2,-0,4252445,-0,458172,-0,7151905,-0,8124571,-0,8367321,-0,9105024,-0,1660727,0,5579429,-0,01464098,-0,0911243,-0,5340616,-1,079907,-0,9811951,-1,261772,-0,819423,-0,666393
Nol10,0,3133157,0,1697284,-0,06170706,-0,05311137,-0,1149001,-0,07806332,-0,1997508,0,04407717,0,1274627,0,1179126,0,1166607,0,0234017,-0,005471901,-0,1220763,0,1211727,0,06849851
Nr1h4,-0,2025117,0,03648148,-0,2062681,0,07266482,0,09491098,0,003090655,0,2387998,0,2831408,-0,1210154,-0,1726155,-0,1146336,0,0117625,0,1066688,0,1046509,0,2795289,0,2396002
Polr2a,0,2673227,0,01668713,-0,1576905,-0,1506897,-0,03955951,-0,05977056,-0,008343471,-0,01991543,0,03365817,0,005203075,-0,09477648,-0,05297228,-0,1403861,-0,07423148,0,02636665,0,07310485
Pyhin1;BC094916,-0,2107629,-0,0618453,-0,3383388,-0,3401635,-0,08569661,-0,5084287,-0,7249994,-0,6831125,-0,3410749,-0,3077782,-0,04334458,-0,1479579,-0,1574319,-0,2995964,-0,4344548,-0,716947
Sin3a,-0,004752986,0,02057454,0,08989677,0,1707512,0,1739213,0,06114962,0,008754802,0,02469262,0,08621632,0,0855426,0,1536551,0,0987218,0,2227507,0,1311079,0,1477774,0,03411604
Tcp1,-0,2348692,-0,0413831,-0,3068455,-0,2452522,-0,3774015,-0,244887,-0,1512094,-0,04684024,-0,1344838,-0,1102295,-0,2322924,-0,2872358,-0,5534588,-0,3000651,-0,3085939,-0,1876411
Zfp655,-0,09680152,0,07771078,0,1894006,0,4904562,0,3061986,0,3368102,-0,05394543,-0,03477915,-0,09058251,-0,1021878,0,3393269,0,4216506,1,159621,0,05554628,0,4842673,-0,6498454
Dnajc9,0,08856147,-0,4716558,-1,347212,-1,579663,-0,8394759,-0,4396763,-0,6363578,-0,6683915,-0,1769609,-0,6545272,-0,8857305,-1,218595,-1,468635,-0,1179609,-0,8155754,-0,2097652
Foxa3,0,6045642,0,3221987,0,7610175,0,6604521,0,4408312,0,9253576,0,896442,0,8262585,0,3639206,0,3443551,0,4842875,0,7005911,0,6228651,1,002195,1,10101,0,6754428
Hpx,0,9170249,0,006637178,-0,6801443,-0,7737432,-0,3604205,0,150433,0,2235423,1,358195,0,2713045,0,1948397,-0,3382247,-0,5829413,-0,4798514,-0,1987455,-0,2877087,-0,2686739
Nudt21,0,1301444,0,1328152,0,06895243,-0,2040155,-0,2558028,0,2300759,0,330574,0,3063057,-0,03435652,0,2995603,-0,04180368,-0,2266318,-0,09558696,0,3355899,0,1210315,0,4627934
Rbpms,0,1890387,0,3005017,0,1336222,0,3112019,0,4473082,0,3258829,0,1448714,0,1909314,0,1451107,0,1338595,0,2778837,0,412539,0,3952644,0,3821937,0,3947142,0,2701384
Fbl,0,3001286,0,2486219,0,2666978,0,16955,0,2217073,0,05814248,0,03729556,0,1061718,0,1626703,0,2784086,0,3234077,0,2081443,0,2861986,0,1713197,0,1690957,0,11441
Fli1,0,1300338,0,05791716,0,2399238,0,2021569,0,2932352,-0,08773442,-0,4239545,-0,3503841,0,1366007,0,1924638,0,1266592,NA,0,1255886,0,1137854,-0,02616273,-0,1923205
Pacsin2,-0,02587931,-0,3390233,-0,8014898,-0,6068212,-0,733094,-0,5503097,-0,1848516,0,2879942,-0,1172961,-0,3320491,-0,6196477,-0,8306609,-0,6866126,-0,81975,-0,846714,-0,5167211
Mettl7b,0,1926451,0,04129835,-0,08936255,-0,09734114,-0,1556197,-0,2367069,-0,05672221,0,283053,0,1134264,0,02042827,0,137029,-0,1138339,-0,03913844,-0,170566,-0,04879416,-0,06915226
Mllt4,0,2192699,0,2181787,-0,1184926,-1,181293,-0,5260689,-1,050676,-0,359971,-0,5947396,0,442438,-0,2326607,-0,6492935,-0,6063475,-0,5212518,-0,8551127,-1,057277,-0,4238471
1600027N09Rik;Mrgbp,-0,04907312,-0,1095611,-0,04012096,0,03020668,-0,02687089,-0,06763869,-0,08052122,-0,1330374,-0,1080895,-0,0647449,-0,02162186,-0,01235413,0,001154638,-0,08827728,-0,04040144,-0,06308875
Ctnnbl1,-0,125651,-0,01120934,0,04137259,0,07702578,0,04602713,0,01830809,-0,001730139,-0,05144163,0,01168977,0,03888048,0,0493375,0,02126257,0,09781067,0,06911886,-0,0416635,0,002165682
Papd4,-0,01521204,0,3142841,0,4434185,0,6798503,0,2247387,-0,2272483,-0,1885276,0,122994,0,1344612,0,6149335,0,6997707,0,5816697,0,003886104,0,2431475,0,3250513,0,1289607
Fmo5,0,5797493,0,1523718,0,1736936,0,1071349,0,211615,0,1129271,0,3287791,0,670199,0,5009935,0,4076889,0,5207281,-0,09639683,0,3531738,0,2214213,0,4968141,0,5582829
Bin1,-0,1007085,0,2577351,-0,1607912,-0,4922121,-0,7178245,NA,-0,1198209,0,3188837,0,2623306,0,09307858,-0,262794,-0,6557181,-0,4312485,-0,4799549,-0,8207304,-0,4814023
Arpc1a,-0,2505978,-0,3092926,-0,6002698,-0,499476,-0,7084079,-0,4590119,-0,2868812,0,2410317,-0,217479,-0,04292445,-0,5614973,-0,7744181,-0,5452765,-0,9544941,-0,7138718,-0,2470768
Setd8,0,04880014,0,003857133,-0,02062666,-0,3208889,-0,3186928,-0,3990071,-0,2229281,0,08569571,-0,2266318,0,0512347,0,1334639,-0,3403914,-0,1982427,-0,4482667,-0,03829577,-0,1330374
Actn4,-0,3169567,-0,3577209,-0,6546189,-0,486663,-0,6340356,-0,8873693,-0,3619929,-0,08841301,-0,09990108,-0,4221253,-0,4355219,-0,6991963,-0,6499373,-0,8950699,-0,6301259,-0,6200233
Mphosph6,-0,261952,0,04377975,-0,03449741,0,005999604,-0,07792662,-0,0640551,-0,1662012,-0,1654296,-0,06308875,-0,06529664,-0,007339063,0,03165119,-0,1027253,-0,0500489,-0,2087669,-0,1182268
Pygl,-0,05783146,-0,3908878,-1,406428,-1,452648,-1,398405,-1,147697,-0,4665489,1,515934,-0,4734232,0,0622187,-1,104203,-1,837297,-2,490365,-2,137733,-1,782534,-1,193646
Serpina3n,0,6423467,0,273814,-0,241108,0,09585116,0,1734983,0,457633,0,3210447,0,5643715,0,4094124,-0,292664,-0,08651205,0,1243772,0,2808604,0,6543311,0,2597891,0,50453
Trmt1,0,04614627,-0,723078,-0,8241568,-0,7426099,NA,-0,2605076,0,2361125,0,276957,NA,0,4211289,-0,2696317,-0,7314439,-1,258459,-0,09004036,-0,1791288,0,2266788
Carhsp1,0,2626074,0,1006387,-0,2648367,-0,1867541,0,008870909,0,2304482,0,4611638,0,2340071,0,2902683,0,1516505,-0,1721035,-0,1674864,-0,4250295,0,1396807,-0,2013829,0,2781111
Mllt10,0,006187945,0,3578807,0,4055279,0,5015245,0,4693898,0,2192699,0,01930195,0,2296023,0,3085909,0,4134611,0,4079186,0,5055127,0,5338271,0,3377945,0,3476558,0,3156121
Sec24a,-0,02105333,-0,1796384,-0,2722622,-0,2078928,-0,5581696,-0,1889072,0,0436905,0,2712001,0,1566914,-0,1119661,-0,2811937,-0,5157124,-0,6829328,-0,5857317,-0,4022855,-0,3446012
Apoa1,-0,3198492,-0,5298709,-1,210701,-0,8062828,-1,148544,-0,6667566,-0,6515913,0,3329708,-0,446468,-0,2183473,-0,8363281,-1,193835,-1,061707,-0,7604339,-0,7512066,-0,7991703
Chd6,0,06734918,0,4320068,0,4047064,0,5701859,0,6280063,0,7543097,-0,06667474,0,198742,0,1473938,0,6254445,0,293801,0,5539345,0,6028761,0,1316925,0,1187269,-0,06253617
Hmgcs1,-1,482487,-1,601506,-1,88409,-1,836449,-2,173799,-1,669616,-1,515561,-0,6455172,-1,069771,-1,222248,-2,093729,-1,849399,-1,916362,-1,419215,-1,436588,-1,734222
Nacc1,0,06922486,0,6901021,0,5530451,1,18472,0,5131312,0,3672107,0,05999115,0,4472098,-0,07696952,0,4826336,0,7188537,0,6810296,1,221051,0,4656395,0,6976166,0,01152983
Ubxn6,-0,04320455,-0,07080147,-0,04320455,-0,6038814,-0,3057954,-0,5551291,-0,1484786,-0,2067682,-0,1876411,0,08398207,-0,2358496,-0,2092662,-0,8704239,-0,3195024,-0,1633699,0,1216906
Zfpm1,0,2154457,0,3621024,0,1023414,0,2537045,0,0119516,0,1409369,0,2327011,0,3371747,0,2795289,0,4955322,0,1776043,0,1117419,-0,30381,0,1006542,0,1854085,0,3851489
Dhx34,-0,2157407,-0,02417773,-0,1867541,-0,06695026,0,02721912,-0,3208889,-0,2767945,-0,3066122,-0,3952822,-0,138028,-0,1071523,-0,1133004,-0,2075181,-0,1351408,-0,3222744,-0,323543
Papss2,-0,9429085,-0,8420537,-1,366924,-1,680594,-1,339536,NA,-0,9610305,0,07011811,-0,7613704,-0,3128975,-1,312375,-1,237441,-1,746485,-1,214622,-1,471292,-0,7629015
Sap130,0,003481084,0,122617,0,2387317,0,2531713,0,2912565,0,1276361,0,1738238,0,1614112,0,1924473,0,1561287,0,3400572,0,2868321,0,4116944,0,3356082,0,1801847,0,1689011
Tgm2,0,1012577,-0,1294808,-1,156073,-0,7635816,-1,089363,-0,7078781,-0,4670708,0,6508385,0,05223662,-0,2265085,-1,019275,-1,112233,-1,129217,-1,257373,-1,247745,-0,8771945
Dhx8,0,1443929,0,1590735,0,08730415,0,07304415,0,07114842,0,09238634,0,1186173,0,08804002,0,1499527,0,1216121,0,1343821,0,093448,0,01054122,0,1166295,0,1413506,0,1518748
Nom1,0,132309,0,2357048,0,0610443,0,02222922,0,1014744,0,383153,0,2686778,0,492728,0,3507984,0,3249609,0,1753381,0,2824913,0,01390226,0,4335063,0,4593775,0,5425213
Phax,-0,1497797,-0,1637564,-0,2117599,-0,3367404,-0,4514354,-0,4499575,-0,002594432,-0,01464098,-0,151729,0,000317429,-0,2632748,-0,1251221,-0,5991273,-0,5158134,-0,4362684,-0,1886542
Tollip,NA,-0,2492632,-0,3612069,-0,5061957,-0,6472685,-0,2644764,0,01750465,0,229636,-0,08746284,-0,3709454,-0,5094424,-0,5982699,-0,3892364,-0,5198438,-0,4768483,-0,2497487
Zfhx4,-0,3402774,0,1447438,0,5410091,0,5384295,0,08007267,-0,1300083,-0,1905516,0,1537032,-0,02488704,0,030914,0,4075358,0,2615867,0,4750737,0,2417821,0,07357541,-0,06433112
Exosc3,-0,1532865,0,09776429,-0,02204824,0,01899495,-0,05630613,-0,132511,-0,07505342,0,0209405,-0,04725923,0,01975528,0,08398207,0,07548956,-0,06667474,-0,09788039,-0,1596292,-0,1755566
Arih2,-0,2746493,NA,NA,-2,082089,-1,317362,-0,9909548,-0,2284801,0,04318501,-1,119688,-0,7261336,-1,960438,-2,348431,-2,2934,-0,7539468,-1,527521,-1,080862
Epc2,-0,4481609,-0,24732,-0,008630365,0,09075686,0,3561992,0,05676128,-0,08922691,-0,2637556,0,02891083,-0,07983892,0,139951,0,2050311,-0,08024827,-0,01492663,-0,1557492,-0,1457427
Tars,0,2409123,0,04604195,-0,4672795,-0,5516883,-0,6314303,-0,418028,-0,03449741,0,7719386,-0,1087586,0,02432579,-0,3474389,-0,585251,-0,8183597,-0,5694911,-0,7454525,-0,4415898
Hspa4l,-0,8330925,-0,4289999,-0,7408844,-1,107621,-0,9776096,-1,81069,-0,5060941,-0,611739,-0,5376439,-0,1067503,-0,8773516,-0,7166836,-1,059494,-1,352646,-1,124262,-0,4243847
Serping1,-0,1208827,0,00082257,-0,2660369,-0,4209404,-0,439038,-0,1710787,0,117897,0,2515903,0,2783037,-0,323543,0,07143635,-0,2789363,-0,6774406,0,02883722,-0,0647449,0,03311184
Nsdhl,-0,364012,0,05207204,-0,3002995,0,1093744,-0,06667474,NA,-0,6106057,-0,2513252,-0,3627785,-0,07833651,-0,1288213,-0,06722574,-0,3318198,-0,3628907,-0,6134373,-0,3230819
